0.000000 1.000000
0.003142 0.987907
0.006283 0.795180
0.009425 1.467522
0.012566 0.058456
0.015708 0.512733
0.018850 1.391043
0.021991 0.329049
0.025133 0.846611
0.028274 0.865644
0.031416 0.640814
0.034558 0.606853
0.037699 1.486923
0.040841 0.480803
0.043982 1.011978
0.047124 0.767087
0.050265 0.672809
0.053407 1.012050
0.056549 0.853603
0.059690 0.979460
0.062832 0.901638
0.065973 0.993821
0.069115 0.969902
0.072257 0.943382
0.075398 0.939230
0.078540 0.912253
0.081681 0.915827
0.084823 0.911575
0.087965 0.907713
0.091106 0.900213
0.094248 0.894547
0.097389 0.887619
0.100531 0.880364
0.103673 0.872594
0.106814 0.865143
0.109956 0.856678
0.113097 0.848891
0.116239 0.840241
0.119381 0.832637
0.122522 0.823933
0.125664 0.814394
0.128805 0.803965
0.131947 0.795793
0.135088 0.785827
0.138230 0.776471
0.141372 0.765987
0.144513 0.755919
0.147655 0.746060
0.150796 0.735389
0.153938 0.724503
0.157080 0.713485
0.160221 0.702468
0.163363 0.691140
0.166504 0.679578
0.169646 0.667887
0.172788 0.656020
0.175929 0.643877
0.179071 0.631651
0.182212 0.619189
0.185354 0.606618
0.188496 0.593832
0.191637 0.580882
0.194779 0.567764
0.197920 0.554482
0.201062 0.541037
0.204204 0.527431
0.207345 0.513666
0.210487 0.499744
0.213628 0.485682
0.216770 0.471458
0.219911 0.457087
0.223053 0.442572
0.226195 0.427908
0.229336 0.413119
0.232478 0.398183
0.235619 0.383111
0.238761 0.367911
0.241903 0.352584
0.245044 0.337130
0.248186 0.321548
0.251327 0.305852
0.254469 0.290031
0.257611 0.274107
0.260752 0.258063
0.263894 0.241916
0.267035 0.225662
0.270177 0.209306
0.273319 0.192852
0.276460 0.176303
0.279602 0.159661
0.282743 0.142930
0.285885 0.126115
0.289027 0.109217
0.292168 0.092241
0.295310 0.075189
0.298451 0.058066
0.301593 0.040875
0.304734 0.023620
0.307876 0.006303
0.311018 -0.011071
0.314159 -0.028498
0.317301 -0.045975
0.320442 -0.063498
0.323584 -0.081064
0.326726 -0.098668
0.329867 -0.116307
0.333009 -0.133976
0.336150 -0.151672
0.339292 -0.169390
0.342434 -0.187128
0.345575 -0.204880
0.348717 -0.222643
0.351858 -0.240412
0.355000 -0.258183
0.358142 -0.275952
0.361283 -0.293716
0.364425 -0.311468
0.367566 -0.329206
0.370708 -0.346925
0.373850 -0.364620
0.376991 -0.382288
0.380133 -0.399922
0.383274 -0.417520
0.386416 -0.435077
0.389557 -0.452587
0.392699 -0.470047
0.395841 -0.487451
0.398982 -0.504795
0.402124 -0.522074
0.405265 -0.539284
0.408407 -0.556420
0.411549 -0.573476
0.414690 -0.590448
0.417832 -0.607331
0.420973 -0.624120
0.424115 -0.640811
0.427257 -0.657397
0.430398 -0.673874
0.433540 -0.690237
0.436681 -0.706481
0.439823 -0.722600
0.442965 -0.738590
0.446106 -0.754444
0.449248 -0.770159
0.452389 -0.785727
0.455531 -0.801145
0.458673 -0.816407
0.461814 -0.831506
0.464956 -0.846439
0.468097 -0.861198
0.471239 -0.875780
0.474380 -0.890177
0.477522 -0.904385
0.480664 -0.918397
0.483805 -0.932209
0.486947 -0.945814
0.490088 -0.959206
0.493230 -0.972380
0.496372 -0.985330
0.499513 -0.998050
0.502655 -1.010534
0.505796 -1.022776
0.508938 -1.034770
0.512080 -1.046511
0.515221 -1.057991
0.518363 -1.069205
0.521504 -1.080147
0.524646 -1.090810
0.527788 -1.101188
0.530929 -1.111276
0.534071 -1.121066
0.537212 -1.130553
0.540354 -1.139729
0.543496 -1.148589
0.546637 -1.157127
0.549779 -1.165334
0.552920 -1.173206
0.556062 -1.180736
0.559203 -1.187916
0.562345 -1.194741
0.565487 -1.201204
0.568628 -1.207297
0.571770 -1.213014
0.574911 -1.218349
0.578053 -1.223294
0.581195 -1.227843
0.584336 -1.231989
0.587478 -1.235725
0.590619 -1.239043
0.593761 -1.241937
0.596903 -1.244401
0.600044 -1.246425
0.603186 -1.248005
0.606327 -1.249132
0.609469 -1.249799
0.612611 -1.249999
0.615752 -1.249724
0.618894 -1.248968
0.622035 -1.247724
0.625177 -1.245982
0.628319 -1.243737
0.631460 -1.240981
0.634602 -1.237706
0.637743 -1.233905
0.640885 -1.229570
0.644026 -1.224693
0.647168 -1.219268
0.650310 -1.213285
0.653451 -1.206738
0.656593 -1.199619
0.659734 -1.191920
0.662876 -1.183633
0.666018 -1.174750
0.669159 -1.165263
0.672301 -1.155165
0.675442 -1.144447
0.678584 -1.133101
0.681726 -1.121120
0.684867 -1.108494
0.688009 -1.095217
0.691150 -1.081280
0.694292 -1.066674
0.697434 -1.051392
0.700575 -1.035425
0.703717 -1.018765
0.706858 -1.001403
0.710000 -0.983331
0.713142 -0.964541
0.716283 -0.945024
0.719425 -0.924772
0.722566 -0.903776
0.725708 -0.882027
0.728849 -0.859517
0.731991 -0.836237
0.735133 -0.812179
0.738274 -0.787334
0.741416 -0.761693
0.744557 -0.735247
0.747699 -0.707987
0.750841 -0.679904
0.753982 -0.650991
0.757124 -0.621237
0.760265 -0.590633
0.763407 -0.559171
0.766549 -0.526842
0.769690 -0.493636
0.772832 -0.459544
0.775973 -0.424557
0.779115 -0.388666
0.782257 -0.351862
0.785398 -0.314135
0.788540 -0.275476
0.791681 -0.235876
0.794823 -0.195324
0.797965 -0.153813
0.801106 -0.111332
0.804248 -0.067871
0.807389 -0.023422
0.810531 0.022026
0.813672 0.068482
0.816814 0.115956
0.819956 0.164457
0.823097 0.213995
0.826239 0.264580
0.829380 0.316222
0.832522 0.368930
0.835664 0.422715
0.838805 0.477587
0.841947 0.533555
0.845088 0.590629
0.848230 0.648820
0.851372 0.708137
0.854513 0.768591
0.857655 0.830192
0.860796 0.892950
0.863938 0.956875
0.867080 1.021977
0.870221 1.088268
0.873363 1.155756
0.876504 1.224453
0.879646 1.294369
0.882788 1.365515
0.885929 1.437900
0.889071 1.511536
0.892212 1.586433
0.895354 1.662601
0.898495 1.740052
0.901637 1.818795
0.904779 1.898843
0.907920 1.980204
0.911062 2.062891
0.914203 2.146914
0.917345 2.232284
0.920487 2.319011
0.923628 2.407107
0.926770 2.496583
0.929911 2.587450
0.933053 2.679718
0.936195 2.773400
0.939336 2.868505
0.942478 2.965045
0.945619 3.063032
0.948761 3.162477
0.951903 3.263390
0.955044 3.365783
0.958186 3.469668
0.961327 3.575056
0.964469 3.681959
0.967611 3.790387
0.970752 3.900352
0.973894 4.011867
0.977035 4.124942
0.980177 4.239588
0.983319 4.355819
0.986460 4.473645
0.989602 4.593078
0.992743 4.714130
0.995885 4.836813
0.999026 4.961138
1.002168 5.087118
1.005310 5.214764
1.008451 5.344088
1.011593 5.475102
1.014734 5.607819
1.017876 5.742250
1.021018 5.878408
1.024159 6.016304
1.027301 6.155951
1.030442 6.297361
1.033584 6.440546
1.036726 6.585519
1.039867 6.732291
1.043009 6.880876
1.046150 7.031285
1.049292 7.183532
1.052434 7.337628
1.055575 7.493585
1.058717 7.651418
1.061858 7.811138
1.065000 7.972757
1.068142 8.136289
1.071283 8.301746
1.074425 8.469141
1.077566 8.638486
1.080708 8.809795
1.083849 8.983081
1.086991 9.158355
1.090133 9.335632
1.093274 9.514924
1.096416 9.696243
1.099557 9.879604
1.102699 10.065019
1.105841 10.252502
1.108982 10.442065
1.112124 10.633721
1.115265 10.827485
1.118407 11.023368
1.121549 11.221385
1.124690 11.421549
1.127832 11.623873
1.130973 11.828370
1.134115 12.035054
1.137257 12.243939
1.140398 12.455038
1.143540 12.668364
1.146681 12.883932
1.149823 13.101754
1.152965 13.321845
1.156106 13.544218
1.159248 13.768887
1.162389 13.995865
1.165531 14.225167
1.168672 14.456806
1.171814 14.690797
1.174956 14.927153
1.178097 15.165888
1.181239 15.407016
1.184380 15.650551
1.187522 15.896508
1.190664 16.144900
1.193805 16.395742
1.196947 16.649047
1.200088 16.904831
1.203230 17.163107
1.206372 17.423889
1.209513 17.687192
1.212655 17.953031
1.215796 18.221419
1.218938 18.492372
1.222080 18.765903
1.225221 19.042028
1.228363 19.320760
1.231504 19.602115
1.234646 19.886106
1.237788 20.172750
1.240929 20.462060
1.244071 20.754051
1.247212 21.048738
1.250354 21.346136
1.253495 21.646259
1.256637 21.949123
1.259779 22.254743
1.262920 22.563133
1.266062 22.874309
1.269203 23.188285
1.272345 23.505077
1.275487 23.824700
1.278628 24.147169
1.281770 24.472499
1.284911 24.800706
1.288053 25.131804
1.291195 25.465809
1.294336 25.802736
1.297478 26.142602
1.300619 26.485420
1.303761 26.831208
1.306903 27.179979
1.310044 27.531750
1.313186 27.886537
1.316327 28.244354
1.319469 28.605218
1.322611 28.969144
1.325752 29.336148
1.328894 29.706246
1.332035 30.079454
1.335177 30.455787
1.338318 30.835261
1.341460 31.217892
1.344602 31.603697
1.347743 31.992691
1.350885 32.384889
1.354026 32.780309
1.357168 33.178967
1.360310 33.580878
1.363451 33.986058
1.366593 34.394525
1.369734 34.806293
1.372876 35.221380
1.376018 35.639802
1.379159 36.061575
1.382301 36.486715
1.385442 36.915239
1.388584 37.347164
1.391726 37.782505
1.394867 38.221281
1.398009 38.663506
1.401150 39.109198
1.404292 39.558373
1.407434 40.011048
1.410575 40.467240
1.413717 40.926966
1.416858 41.390242
1.420000 41.857085
1.423141 42.327513
1.426283 42.801541
1.429425 43.279188
1.432566 43.760470
1.435708 44.245403
1.438849 44.734006
1.441991 45.226295
1.445133 45.722288
1.448274 46.222001
1.451416 46.725451
1.454557 47.232657
1.457699 47.743636
1.460841 48.258404
1.463982 48.776979
1.467124 49.299379
1.470265 49.825620
1.473407 50.355721
1.476549 50.889699
1.479690 51.427572
1.482832 51.969356
1.485973 52.515071
1.489115 53.064733
1.492257 53.618360
1.495398 54.175969
1.498540 54.737580
1.501681 55.303209
1.504823 55.872874
1.507964 56.446594
1.511106 57.024386
1.514248 57.606268
1.517389 58.192258
1.520531 58.782375
1.523672 59.376636
1.526814 59.975059
1.529956 60.577663
1.533097 61.184465
1.536239 61.795485
1.539380 62.410740
1.542522 63.030248
1.545664 63.654029
1.548805 64.282100
1.551947 64.914479
1.555088 65.551186
1.558230 66.192239
1.561372 66.837656
1.564513 67.487455
1.567655 68.141657
1.570796 68.800278
1.573938 69.463338
1.577080 70.130855
1.580221 70.802849
1.583363 71.479338
1.586504 72.160340
1.589646 72.845876
1.592787 73.535963
1.595929 74.230620
1.599071 74.929868
1.602212 75.633724
1.605354 76.342207
1.608495 77.055337
1.611637 77.773133
1.614779 78.495615
1.617920 79.222800
1.621062 79.954709
1.624203 80.691361
1.627345 81.432775
1.630487 82.178970
1.633628 82.929967
1.636770 83.685783
1.639911 84.446440
1.643053 85.211955
1.646195 85.982350
1.649336 86.757642
1.652478 87.537853
1.655619 88.323002
1.658761 89.113108
1.661903 89.908191
1.665044 90.708271
1.668186 91.513367
1.671327 92.323500
1.674469 93.138690
1.677610 93.958956
1.680752 94.784318
1.683894 95.614796
1.687035 96.450411
1.690177 97.291182
1.693318 98.137129
1.696460 98.988273
1.699602 99.844634
1.702743 100.706232
1.705885 101.573087
1.709026 102.445220
1.712168 103.322651
1.715310 104.205399
1.718451 105.093487
1.721593 105.986934
1.724734 106.885760
1.727876 107.789986
1.731018 108.699633
1.734159 109.614721
1.737301 110.535272
1.740442 111.461304
1.743584 112.392840
1.746726 113.329900
1.749867 114.272505
1.753009 115.220675
1.756150 116.174431
1.759292 117.133795
1.762433 118.098788
1.765575 119.069429
1.768717 120.045741
1.771858 121.027743
1.775000 122.015459
1.778141 123.008907
1.781283 124.008111
1.784425 125.013090
1.787566 126.023866
1.790708 127.040460
1.793849 128.062894
1.796991 129.091189
1.800133 130.125366
1.803274 131.165447
1.806416 132.211454
1.809557 133.263406
1.812699 134.321327
1.815841 135.385238
1.818982 136.455160
1.822124 137.531115
1.825265 138.613125
1.828407 139.701211
1.831549 140.795395
1.834690 141.895700
1.837832 143.002145
1.840973 144.114755
1.844115 145.233550
1.847256 146.358553
1.850398 147.489784
1.853540 148.627268
1.856681 149.771025
1.859823 150.921077
1.862964 152.077447
1.866106 153.240157
1.869248 154.409229
1.872389 155.584686
1.875531 156.766549
1.878672 157.954840
1.881814 159.149583
1.884956 160.350800
1.888097 161.558513
1.891239 162.772744
1.894380 163.993516
1.897522 165.220852
1.900664 166.454774
1.903805 167.695305
1.906947 168.942467
1.910088 170.196283
1.913230 171.456776
1.916372 172.723968
1.919513 173.997883
1.922655 175.278543
1.925796 176.565971
1.928938 177.860190
1.932079 179.161223
1.935221 180.469093
1.938363 181.783823
1.941504 183.105435
1.944646 184.433954
1.947787 185.769402
1.950929 187.111803
1.954071 188.461179
1.957212 189.817554
1.960354 191.180951
1.963495 192.551393
1.966637 193.928904
1.969779 195.313508
1.972920 196.705227
1.976062 198.104085
1.979203 199.510106
1.982345 200.923313
1.985487 202.343730
1.988628 203.771380
1.991770 205.206287
1.994911 206.648475
1.998053 208.097968
2.001195 209.554788
2.004336 211.018961
2.007478 212.490510
2.010619 213.969458
2.013761 215.455830
2.016902 216.949650
2.020044 218.450941
2.023186 219.959728
2.026327 221.476035
2.029469 222.999886
2.032610 224.531305
2.035752 226.070315
2.038894 227.616943
2.042035 229.171211
2.045177 230.733143
2.048318 232.302766
2.051460 233.880101
2.054602 235.465175
2.057743 237.058012
2.060885 238.658635
2.064026 240.267070
2.067168 241.883341
2.070310 243.507473
2.073451 245.139490
2.076593 246.779417
2.079734 248.427278
2.082876 250.083099
2.086018 251.746904
2.089159 253.418718
2.092301 255.098567
2.095442 256.786473
2.098584 258.482464
2.101725 260.186563
2.104867 261.898796
2.108009 263.619187
2.111150 265.347763
2.114292 267.084547
2.117433 268.829565
2.120575 270.582843
2.123717 272.344405
2.126858 274.114276
2.130000 275.892483
2.133141 277.679050
2.136283 279.474003
2.139425 281.277367
2.142566 283.089168
2.145708 284.909431
2.148849 286.738182
2.151991 288.575446
2.155133 290.421248
2.158274 292.275615
2.161416 294.138573
2.164557 296.010146
2.167699 297.890361
2.170841 299.779243
2.173982 301.676818
2.177124 303.583113
2.180265 305.498152
2.183407 307.421963
2.186548 309.354570
2.189690 311.296001
2.192832 313.246280
2.195973 315.205435
2.199115 317.173490
2.202256 319.150473
2.205398 321.136410
2.208540 323.131326
2.211681 325.135249
2.214823 327.148204
2.217964 329.170218
2.221106 331.201317
2.224248 333.241527
2.227389 335.290876
2.230531 337.349389
2.233672 339.417093
2.236814 341.494015
2.239956 343.580181
2.243097 345.675618
2.246239 347.780352
2.249380 349.894411
2.252522 352.017822
2.255664 354.150610
2.258805 356.292802
2.261947 358.444427
2.265088 360.605510
2.268230 362.776078
2.271371 364.956159
2.274513 367.145779
2.277655 369.344966
2.280796 371.553747
2.283938 373.772148
2.287079 376.000197
2.290221 378.237922
2.293363 380.485349
2.296504 382.742505
2.299646 385.009419
2.302787 387.286117
2.305929 389.572627
2.309071 391.868976
2.312212 394.175192
2.315354 396.491302
2.318495 398.817334
2.321637 401.153315
2.324779 403.499273
2.327920 405.855236
2.331062 408.221231
2.334203 410.597287
2.337345 412.983430
2.340487 415.379689
2.343628 417.786091
2.346770 420.202665
2.349911 422.629438
2.353053 425.066438
2.356194 427.513694
2.359336 429.971233
2.362478 432.439083
2.365619 434.917273
2.368761 437.405830
2.371902 439.904783
2.375044 442.414161
2.378186 444.933990
2.381327 447.464301
2.384469 450.005120
2.387610 452.556476
2.390752 455.118398
2.393894 457.690915
2.397035 460.274054
2.400177 462.867844
2.403318 465.472314
2.406460 468.087492
2.409602 470.713408
2.412743 473.350088
2.415885 475.997564
2.419026 478.655862
2.422168 481.325012
2.425310 484.005043
2.428451 486.695983
2.431593 489.397862
2.434734 492.110709
2.437876 494.834551
2.441017 497.569419
2.444159 500.315341
2.447301 503.072347
2.450442 505.840466
2.453584 508.619726
2.456725 511.410157
2.459867 514.211788
2.463009 517.024649
2.466150 519.848769
2.469292 522.684176
2.472433 525.530902
2.475575 528.388974
2.478717 531.258422
2.481858 534.139276
2.485000 537.031566
2.488141 539.935321
2.491283 542.850570
2.494425 545.777343
2.497566 548.715671
2.500708 551.665582
2.503849 554.627106
2.506991 557.600273
2.510133 560.585114
2.513274 563.581657
2.516416 566.589933
2.519557 569.609972
2.522699 572.641803
2.525840 575.685458
2.528982 578.740965
2.532124 581.808354
2.535265 584.887657
2.538407 587.978903
2.541548 591.082122
2.544690 594.197345
2.547832 597.324602
2.550973 600.463923
2.554115 603.615338
2.557256 606.778878
2.560398 609.954574
2.563540 613.142456
2.566681 616.342554
2.569823 619.554898
2.572964 622.779521
2.576106 626.016451
2.579248 629.265720
2.582389 632.527358
2.585531 635.801397
2.588672 639.087866
2.591814 642.386798
2.594956 645.698221
2.598097 649.022169
2.601239 652.358670
2.604380 655.707757
2.607522 659.069460
2.610663 662.443810
2.613805 665.830839
2.616947 669.230578
2.620088 672.643057
2.623230 676.068307
2.626371 679.506361
2.629513 682.957249
2.632655 686.421003
2.635796 689.897653
2.638938 693.387232
2.642079 696.889770
2.645221 700.405299
2.648363 703.933851
2.651504 707.475458
2.654646 711.030149
2.657787 714.597958
2.660929 718.178916
2.664071 721.773054
2.667212 725.380405
2.670354 729.000999
2.673495 732.634869
2.676637 736.282047
2.679779 739.942564
2.682920 743.616452
2.686062 747.303744
2.689203 751.004471
2.692345 754.718664
2.695486 758.446357
2.698628 762.187582
2.701770 765.942369
2.704911 769.710753
2.708053 773.492764
2.711194 777.288435
2.714336 781.097798
2.717478 784.920885
2.720619 788.757730
2.723761 792.608364
2.726902 796.472819
2.730044 800.351128
2.733186 804.243324
2.736327 808.149439
2.739469 812.069506
2.742610 816.003557
2.745752 819.951625
2.748894 823.913742
2.752035 827.889942
2.755177 831.880257
2.758318 835.884719
2.761460 839.903362
2.764602 843.936219
2.767743 847.983322
2.770885 852.044704
2.774026 856.120399
2.777168 860.210439
2.780309 864.314857
2.783451 868.433687
2.786593 872.566961
2.789734 876.714713
2.792876 880.876976
2.796017 885.053783
2.799159 889.245167
2.802301 893.451162
2.805442 897.671801
2.808584 901.907118
2.811725 906.157146
2.814867 910.421918
2.818009 914.701467
2.821150 918.995829
2.824292 923.305035
2.827433 927.629120
2.830575 931.968116
2.833717 936.322059
2.836858 940.690981
2.840000 945.074917
2.843141 949.473899
2.846283 953.887963
2.849425 958.317142
2.852566 962.761469
2.855708 967.220979
2.858849 971.695706
2.861991 976.185684
2.865133 980.690947
2.868274 985.211527
2.871416 989.747461
2.874557 994.298785
2.877699 998.865525
2.880840 1003.447720
2.883982 1008.045407
2.887124 1012.658623
2.890265 1017.287404
2.893407 1021.931770
2.896548 1026.591744
2.899690 1031.267407
2.902832 1035.958752
2.905973 1040.665847
2.909115 1045.388671
2.912256 1050.127323
2.915398 1054.881814
2.918540 1059.652168
2.921681 1064.438409
2.924823 1069.240604
2.927964 1074.058780
2.931106 1078.892958
2.934248 1083.743162
2.937389 1088.609464
2.940531 1093.491877
2.943672 1098.390436
2.946814 1103.305179
2.949956 1108.236138
2.953097 1113.183356
2.956239 1118.146879
2.959380 1123.126703
2.962522 1128.122835
2.965663 1133.135441
2.968805 1138.164474
2.971947 1143.209914
2.975088 1148.271640
2.978230 1153.350758
2.981371 1158.445990
2.984513 1163.557534
2.987655 1168.685689
2.990796 1173.830636
2.993938 1178.992327
2.997079 1184.170678
3.000221 1189.364293
3.003363 1194.577038
3.006504 1199.807585
3.009646 1205.053852
3.012787 1210.315433
3.015929 1215.594386
3.019071 1220.893569
3.022212 1226.206756
3.025354 1231.536666
3.028495 1236.884368
3.031637 1242.249969
3.034779 1247.632739
3.037920 1253.031404
3.041062 1258.448099
3.044203 1263.882025
3.047345 1269.333496
3.050486 1274.802230
3.053628 1280.287580
3.056770 1285.789922
3.059911 1291.319501
3.063053 1296.868073
3.066194 1302.412640
3.069336 1308.030426
3.072478 1313.543194
3.075619 1319.180688
3.078761 1324.914162
3.081902 1330.567929
3.085044 1336.241328
3.088186 1341.647084
3.091327 1347.715618
3.094469 1353.385857
3.097610 1359.076919
3.100752 1364.788583
3.103894 1371.123285
3.107035 1376.549990
3.110177 1382.700392
3.113318 1388.215782
3.116460 1393.214075
3.119602 1399.780099
3.122743 1405.416613
3.125885 1411.781021
3.129026 1417.200080
3.132168 1423.476445
3.135309 1429.276988
3.138451 1435.067355
3.141593 1441.110204
