0.000000 0.000000
0.003142 210.040480
0.006283 753.831982
0.009425 1520.540549
0.012566 2421.230942
0.015708 3385.530897
0.018850 4358.721674
0.021991 5299.207386
0.025133 6176.320262
0.028274 6968.423363
0.031416 7661.276135
0.034558 8246.631756
0.037699 8721.038475
0.040841 9084.820039
0.043982 9341.212969
0.047124 9495.640864
0.050265 9555.108039
0.053407 9527.696802
0.056549 9422.154424
0.059690 9247.557438
0.062832 9013.042363
0.065973 8727.593211
0.069115 8399.877294
0.072257 8038.121904
0.075398 7650.025328
0.078540 7242.696530
0.081681 6822.618530
0.084823 6395.631188
0.087965 5966.929701
0.091106 5541.075580
0.094248 5122.017416
0.097389 4713.119061
0.100531 4317.193284
0.103673 3936.539208
0.106814 3572.982166
0.109956 3227.914804
0.113097 2902.338506
0.116239 2596.904368
0.119381 2311.953127
0.122522 2047.553563
0.125664 1803.539026
0.128805 1579.541827
0.131947 1375.025315
0.135088 1189.313537
0.138230 1021.618423
0.141372 871.064501
0.144513 736.711184
0.147655 617.572673
0.150796 512.635589
0.153938 420.874437
0.157080 341.265012
0.160221 272.795893
0.163363 214.478159
0.166504 165.353453
0.169646 124.500555
0.172788 91.040581
0.175929 64.140962
0.179071 43.018312
0.182212 26.940328
0.185354 15.226829
0.188496 7.250048
0.191637 2.434277
0.194779 0.254968
0.197920 0.237375
0.201062 1.954815
0.204204 5.026624
0.207345 9.115879
0.210487 13.926942
0.213628 19.202873
0.216770 24.722776
0.219911 30.299100
0.223053 35.774940
0.226195 41.021379
0.229336 45.934869
0.232478 50.434706
0.235619 54.460589
0.238761 57.970299
0.241903 60.937488
0.245044 63.349607
0.248186 65.205958
0.251327 66.515899
0.254469 67.297168
0.257611 67.574363
0.260752 67.377548
0.263894 66.740997
0.267035 65.702066
0.270177 64.300187
0.273319 62.575986
0.276460 60.570506
0.279602 58.324541
0.282743 55.878065
0.285885 53.269756
0.289027 50.536601
0.292168 47.713580
0.295310 44.833421
0.298451 41.926421
0.301593 39.020314
0.304734 36.140204
0.307876 33.308532
0.311018 30.545087
0.314159 27.867048
0.317301 25.289057
0.320442 22.823315
0.323584 20.479696
0.326726 18.265876
0.329867 16.187481
0.333009 14.248234
0.336150 12.450111
0.339292 10.793506
0.342434 9.277387
0.345575 7.899455
0.348717 6.656307
0.351858 5.543578
0.355000 4.556096
0.358142 3.688015
0.361283 2.932949
0.364425 2.284097
0.367566 1.734353
0.370708 1.276415
0.373850 0.902880
0.376991 0.606331
0.380133 0.379415
0.383274 0.214914
0.386416 0.105798
0.389557 0.045287
0.392699 0.026886
0.395841 0.044423
0.398982 0.092082
0.402124 0.164418
0.405265 0.256378
0.408407 0.363308
0.411549 0.480959
0.414690 0.605486
0.417832 0.733445
0.420973 0.861784
0.424115 0.987832
0.427257 1.109286
0.430398 1.224192
0.433540 1.330931
0.436681 1.428195
0.439823 1.514970
0.442965 1.590511
0.446106 1.654320
0.449248 1.706125
0.452389 1.745860
0.455531 1.773636
0.458673 1.789724
0.461814 1.794535
0.464956 1.788595
0.468097 1.772529
0.471239 1.747043
0.474380 1.712904
0.477522 1.670926
0.480664 1.621954
0.483805 1.566850
0.486947 1.506483
0.490088 1.441713
0.493230 1.373388
0.496372 1.302328
0.499513 1.229322
0.502655 1.155119
0.505796 1.080426
0.508938 1.005901
0.512080 0.932149
0.515221 0.859723
0.518363 0.789118
0.521504 0.720775
0.524646 0.655077
0.527788 0.592352
0.530929 0.532872
0.534071 0.476859
0.537212 0.424480
0.540354 0.375857
0.543496 0.331063
0.546637 0.290132
0.549779 0.253055
0.552920 0.219788
0.556062 0.190256
0.559203 0.164353
0.562345 0.141947
0.565487 0.122886
0.568628 0.106996
0.571770 0.094091
0.574911 0.083970
0.578053 0.076423
0.581195 0.071235
0.584336 0.068187
0.587478 0.067058
0.590619 0.067629
0.593761 0.069684
0.596903 0.073012
0.600044 0.077408
0.603186 0.082678
0.606327 0.088636
0.609469 0.095105
0.612611 0.101922
0.615752 0.108936
0.618894 0.116008
0.622035 0.123012
0.625177 0.129836
0.628319 0.136379
0.631460 0.142557
0.634602 0.148295
0.637743 0.153532
0.640885 0.158221
0.644026 0.162322
0.647168 0.165811
0.650310 0.168670
0.653451 0.170894
0.656593 0.172483
0.659734 0.173448
0.662876 0.173806
0.666018 0.173581
0.669159 0.172800
0.672301 0.171498
0.675442 0.169712
0.678584 0.167481
0.681726 0.164850
0.684867 0.161863
0.688009 0.158564
0.691150 0.155000
0.694292 0.151216
0.697434 0.147258
0.700575 0.143168
0.703717 0.138989
0.706858 0.134761
0.710000 0.130521
0.713142 0.126304
0.716283 0.122143
0.719425 0.118065
0.722566 0.114098
0.725708 0.110264
0.728849 0.106582
0.731991 0.103068
0.735133 0.099735
0.738274 0.096593
0.741416 0.093648
0.744557 0.090903
0.747699 0.088360
0.750841 0.086017
0.753982 0.083870
0.757124 0.081912
0.760265 0.080134
0.763407 0.078528
0.766549 0.077080
0.769690 0.075778
0.772832 0.074609
0.775973 0.073556
0.779115 0.072606
0.782257 0.071742
0.785398 0.070949
0.788540 0.070211
0.791681 0.069513
0.794823 0.068839
0.797965 0.068176
0.801106 0.067511
0.804248 0.066829
0.807389 0.066121
0.810531 0.065376
0.813672 0.064585
0.816814 0.063740
0.819956 0.062836
0.823097 0.061866
0.826239 0.060828
0.829380 0.059719
0.832522 0.058539
0.835664 0.057290
0.838805 0.055972
0.841947 0.054590
0.845088 0.053149
0.848230 0.051653
0.851372 0.050112
0.854513 0.048532
0.857655 0.046922
0.860796 0.045293
0.863938 0.043655
0.867080 0.042020
0.870221 0.040399
0.873363 0.038804
0.876504 0.037248
0.879646 0.035743
0.882788 0.034302
0.885929 0.032938
0.889071 0.031663
0.892212 0.030490
0.895354 0.029430
0.898495 0.028495
0.901637 0.027695
0.904779 0.027043
0.907920 0.026546
0.911062 0.026215
0.914203 0.026058
0.917345 0.026082
0.920487 0.026294
0.923628 0.026700
0.926770 0.027305
0.929911 0.028113
0.933053 0.029128
0.936195 0.030352
0.939336 0.031786
0.942478 0.033430
0.945619 0.035285
0.948761 0.037350
0.951903 0.039622
0.955044 0.042099
0.958186 0.044778
0.961327 0.047655
0.964469 0.050725
0.967611 0.053982
0.970752 0.057422
0.973894 0.061038
0.977035 0.064824
0.980177 0.068773
0.983319 0.072878
0.986460 0.077131
0.989602 0.081526
0.992743 0.086055
0.995885 0.090709
0.999026 0.095483
1.002168 0.100368
1.005310 0.105358
1.008451 0.110445
1.011593 0.115622
1.014734 0.120883
1.017876 0.126221
1.021018 0.131631
1.024159 0.137108
1.027301 0.142645
1.030442 0.148239
1.033584 0.153885
1.036726 0.159580
1.039867 0.165319
1.043009 0.171101
1.046150 0.176922
1.049292 0.182781
1.052434 0.188677
1.055575 0.194608
1.058717 0.200573
1.061858 0.206574
1.065000 0.212609
1.068142 0.218680
1.071283 0.224788
1.074425 0.230934
1.077566 0.237120
1.080708 0.243347
1.083849 0.249619
1.086991 0.255937
1.090133 0.262305
1.093274 0.268725
1.096416 0.275199
1.099557 0.281732
1.102699 0.288327
1.105841 0.294986
1.108982 0.301712
1.112124 0.308510
1.115265 0.315382
1.118407 0.322330
1.121549 0.329359
1.124690 0.336471
1.127832 0.343668
1.130973 0.350953
1.134115 0.358329
1.137257 0.365797
1.140398 0.373360
1.143540 0.381019
1.146681 0.388776
1.149823 0.396631
1.152965 0.404586
1.156106 0.412642
1.159248 0.420799
1.162389 0.429057
1.165531 0.437416
1.168672 0.445876
1.171814 0.454437
1.174956 0.463098
1.178097 0.471857
1.181239 0.480714
1.184380 0.489668
1.187522 0.498717
1.190664 0.507859
1.193805 0.517092
1.196947 0.526416
1.200088 0.535827
1.203230 0.545324
1.206372 0.554904
1.209513 0.564566
1.212655 0.574307
1.215796 0.584124
1.218938 0.594016
1.222080 0.603980
1.225221 0.614014
1.228363 0.624116
1.231504 0.634284
1.234646 0.644515
1.237788 0.654808
1.240929 0.665161
1.244071 0.675572
1.247212 0.686039
1.250354 0.696561
1.253495 0.707136
1.256637 0.717764
1.259779 0.728443
1.262920 0.739171
1.266062 0.749949
1.269203 0.760775
1.272345 0.771649
1.275487 0.782570
1.278628 0.793538
1.281770 0.804553
1.284911 0.815614
1.288053 0.826722
1.291195 0.837876
1.294336 0.849078
1.297478 0.860326
1.300619 0.871621
1.303761 0.882964
1.306903 0.894356
1.310044 0.905795
1.313186 0.917284
1.316327 0.928822
1.319469 0.940409
1.322611 0.952047
1.325752 0.963735
1.328894 0.975475
1.332035 0.987265
1.335177 0.999107
1.338318 1.011001
1.341460 1.022946
1.344602 1.034943
1.347743 1.046992
1.350885 1.059092
1.354026 1.071243
1.357168 1.083444
1.360310 1.095696
1.363451 1.107996
1.366593 1.120345
1.369734 1.132741
1.372876 1.145184
1.376018 1.157672
1.379159 1.170203
1.382301 1.182777
1.385442 1.195392
1.388584 1.208045
1.391726 1.220736
1.394867 1.233462
1.398009 1.246221
1.401150 1.259011
1.404292 1.271830
1.407434 1.284675
1.410575 1.297545
1.413717 1.310437
1.416858 1.323348
1.420000 1.336276
1.423141 1.349218
1.426283 1.362173
1.429425 1.375137
1.432566 1.388108
1.435708 1.401083
1.438849 1.414061
1.441991 1.427038
1.445133 1.440012
1.448274 1.452981
1.451416 1.465943
1.454557 1.478895
1.457699 1.491835
1.460841 1.504762
1.463982 1.517672
1.467124 1.530565
1.470265 1.543438
1.473407 1.556290
1.476549 1.569119
1.479690 1.581924
1.482832 1.594702
1.485973 1.607454
1.489115 1.620176
1.492257 1.632869
1.495398 1.645532
1.498540 1.658162
1.501681 1.670759
1.504823 1.683322
1.507964 1.695851
1.511106 1.708344
1.514248 1.720801
1.517389 1.733221
1.520531 1.745603
1.523672 1.757946
1.526814 1.770250
1.529956 1.782514
1.533097 1.794737
1.536239 1.806919
1.539380 1.819058
1.542522 1.831154
1.545664 1.843206
1.548805 1.855213
1.551947 1.867173
1.555088 1.879086
1.558230 1.890950
1.561372 1.902764
1.564513 1.914527
1.567655 1.926237
1.570796 1.937892
1.573938 1.949491
1.577080 1.961032
1.580221 1.972512
1.583363 1.983930
1.586504 1.995283
1.589646 2.006569
1.592787 2.017786
1.595929 2.028931
1.599071 2.040001
1.602212 2.050993
1.605354 2.061905
1.608495 2.072733
1.611637 2.083476
1.614779 2.094128
1.617920 2.104687
1.621062 2.115151
1.624203 2.125515
1.627345 2.135777
1.630487 2.145932
1.633628 2.155978
1.636770 2.165911
1.639911 2.175728
1.643053 2.185426
1.646195 2.195001
1.649336 2.204450
1.652478 2.213770
1.655619 2.222958
1.658761 2.232011
1.661903 2.240925
1.665044 2.249699
1.668186 2.258329
1.671327 2.266812
1.674469 2.275147
1.677610 2.283331
1.680752 2.291361
1.683894 2.299236
1.687035 2.306954
1.690177 2.314513
1.693318 2.321911
1.696460 2.329146
1.699602 2.336218
1.702743 2.343125
1.705885 2.349866
1.709026 2.356440
1.712168 2.362846
1.715310 2.369084
1.718451 2.375152
1.721593 2.381050
1.724734 2.386778
1.727876 2.392334
1.731018 2.397719
1.734159 2.402933
1.737301 2.407974
1.740442 2.412843
1.743584 2.417539
1.746726 2.422061
1.749867 2.426410
1.753009 2.430584
1.756150 2.434584
1.759292 2.438407
1.762433 2.442055
1.765575 2.445524
1.768717 2.448815
1.771858 2.451927
1.775000 2.454857
1.778141 2.457604
1.781283 2.460167
1.784425 2.462544
1.787566 2.464731
1.790708 2.466728
1.793849 2.468531
1.796991 2.470138
1.800133 2.471546
1.803274 2.472751
1.806416 2.473751
1.809557 2.474540
1.812699 2.475117
1.815841 2.475477
1.818982 2.475616
1.822124 2.475529
1.825265 2.475212
1.828407 2.474661
1.831549 2.473871
1.834690 2.472838
1.837832 2.471557
1.840973 2.470023
1.844115 2.468232
1.847256 2.466178
1.850398 2.463858
1.853540 2.461266
1.856681 2.458399
1.859823 2.455252
1.862964 2.451821
1.866106 2.448102
1.869248 2.444091
1.872389 2.439786
1.875531 2.435183
1.878672 2.430279
1.881814 2.425072
1.884956 2.419560
1.888097 2.413740
1.891239 2.407613
1.894380 2.401176
1.897522 2.394429
1.900664 2.387373
1.903805 2.380007
1.906947 2.372332
1.910088 2.364350
1.913230 2.356062
1.916372 2.347470
1.919513 2.338577
1.922655 2.329386
1.925796 2.319899
1.928938 2.310120
1.932079 2.300053
1.935221 2.289702
1.938363 2.279071
1.941504 2.268166
1.944646 2.256990
1.947787 2.245549
1.950929 2.233846
1.954071 2.221888
1.957212 2.209678
1.960354 2.197222
1.963495 2.184523
1.966637 2.171587
1.969779 2.158416
1.972920 2.145014
1.976062 2.131385
1.979203 2.117530
1.982345 2.103453
1.985487 2.089154
1.988628 2.074634
1.991770 2.059893
1.994911 2.044930
1.998053 2.029744
2.001195 2.014332
2.004336 1.998691
2.007478 1.982817
2.010619 1.966703
2.013761 1.950345
2.016902 1.933735
2.020044 1.916864
2.023186 1.899725
2.026327 1.882306
2.029469 1.864597
2.032610 1.846586
2.035752 1.828262
2.038894 1.809609
2.042035 1.790615
2.045177 1.771266
2.048318 1.751545
2.051460 1.731439
2.054602 1.710931
2.057743 1.690006
2.060885 1.668648
2.064026 1.646842
2.067168 1.624574
2.070310 1.601828
2.073451 1.578591
2.076593 1.554850
2.079734 1.530594
2.082876 1.505811
2.086018 1.480495
2.089159 1.454637
2.092301 1.428232
2.095442 1.401278
2.098584 1.373774
2.101725 1.345723
2.104867 1.317129
2.108009 1.288000
2.111150 1.258349
2.114292 1.228189
2.117433 1.197540
2.120575 1.166424
2.123717 1.134866
2.126858 1.102899
2.130000 1.070556
2.133141 1.037877
2.136283 1.004906
2.139425 0.971691
2.142566 0.938285
2.145708 0.904746
2.148849 0.871135
2.151991 0.837521
2.155133 0.803974
2.158274 0.770571
2.161416 0.737391
2.164557 0.704520
2.167699 0.672046
2.170841 0.640062
2.173982 0.608663
2.177124 0.577949
2.180265 0.548022
2.183407 0.518987
2.186548 0.490950
2.189690 0.464020
2.192832 0.438309
2.195973 0.413925
2.199115 0.390981
2.202256 0.369588
2.205398 0.349856
2.208540 0.331894
2.211681 0.315809
2.214823 0.301704
2.217964 0.289682
2.221106 0.279839
2.224248 0.272269
2.227389 0.267058
2.230531 0.264288
2.233672 0.264035
2.236814 0.266366
2.239956 0.271343
2.243097 0.279015
2.246239 0.289428
2.249380 0.302614
2.252522 0.318596
2.255664 0.337388
2.258805 0.358991
2.261947 0.383397
2.265088 0.410584
2.268230 0.440520
2.271371 0.473159
2.274513 0.508445
2.277655 0.546307
2.280796 0.586665
2.283938 0.629423
2.287079 0.674476
2.290221 0.721705
2.293363 0.770981
2.296504 0.822164
2.299646 0.875102
2.302787 0.929634
2.305929 0.985591
2.309071 1.042794
2.312212 1.101056
2.315354 1.160185
2.318495 1.219982
2.321637 1.280246
2.324779 1.340771
2.327920 1.401349
2.331062 1.461772
2.334203 1.521834
2.337345 1.581329
2.340487 1.640057
2.343628 1.697822
2.346770 1.754437
2.349911 1.809722
2.353053 1.863507
2.356194 1.915635
2.359336 1.965961
2.362478 2.014356
2.365619 2.060707
2.368761 2.104918
2.371902 2.146914
2.375044 2.186639
2.378186 2.224057
2.381327 2.259159
2.384469 2.291954
2.387610 2.322480
2.390752 2.350796
2.393894 2.376989
2.397035 2.401171
2.400177 2.423477
2.403318 2.444070
2.406460 2.463137
2.409602 2.480890
2.412743 2.497561
2.415885 2.513409
2.419026 2.528711
2.422168 2.543762
2.425310 2.558878
2.428451 2.574386
2.431593 2.590629
2.434734 2.607958
2.437876 2.626732
2.441017 2.647313
2.444159 2.670066
2.447301 2.695349
2.450442 2.723517
2.453584 2.754913
2.456725 2.789865
2.459867 2.828681
2.463009 2.871649
2.466150 2.919026
2.469292 2.971039
2.472433 3.027877
2.475575 3.089691
2.478717 3.156585
2.481858 3.228615
2.485000 3.305783
2.488141 3.388035
2.491283 3.475258
2.494425 3.567274
2.497566 3.663841
2.500708 3.764647
2.503849 3.869312
2.506991 3.977384
2.510133 4.088338
2.513274 4.201578
2.516416 4.316437
2.519557 4.432176
2.522699 4.547990
2.525840 4.663007
2.528982 4.776294
2.532124 4.886861
2.535265 4.993666
2.538407 5.095621
2.541548 5.191600
2.544690 5.280448
2.547832 5.360986
2.550973 5.432025
2.554115 5.492376
2.557256 5.540859
2.560398 5.576318
2.563540 5.597633
2.566681 5.603732
2.569823 5.593609
2.572964 5.566334
2.576106 5.521074
2.579248 5.457100
2.582389 5.373811
2.585531 5.270744
2.588672 5.147590
2.591814 5.004210
2.594956 4.840650
2.598097 4.657152
2.601239 4.454168
2.604380 4.232371
2.607522 3.992667
2.610663 3.736202
2.613805 3.464367
2.616947 3.178807
2.620088 2.881420
2.623230 2.574356
2.626371 2.260018
2.629513 1.941053
2.632655 1.620343
2.635796 1.300994
2.638938 0.986315
2.642079 0.679806
2.645221 0.385125
2.648363 0.106064
2.651504 -0.153485
2.654646 -0.389564
2.657787 -0.598196
2.660929 -0.775430
2.664071 -0.917387
2.667212 -1.020320
2.670354 -1.080670
2.673495 -1.095134
2.676637 -1.060725
2.679779 -0.974849
2.682920 -0.835376
2.686062 -0.640717
2.689203 -0.389902
2.692345 -0.082662
2.695486 0.280489
2.698628 0.698178
2.701770 1.168082
2.704911 1.686860
2.708053 2.250067
2.711194 2.852086
2.714336 3.486057
2.717478 4.143815
2.720619 4.815838
2.723761 5.491196
2.726902 6.157515
2.730044 6.800958
2.733186 7.406207
2.736327 7.956469
2.739469 8.433497
2.742610 8.817624
2.745752 9.087823
2.748894 9.221785
2.752035 9.196017
2.755177 8.985968
2.758318 8.566180
2.761460 7.910461
2.764602 6.992092
2.767743 5.784056
2.770885 4.259302
2.774026 2.391030
2.777168 0.153017
2.780309 -2.480038
2.783451 -5.532138
2.786593 -9.025579
2.789734 -12.980525
2.792876 -17.414548
2.796017 -22.342157
2.799159 -27.774299
2.802301 -33.717856
2.805442 -40.175124
2.808584 -47.143288
2.811725 -54.613906
2.814867 -62.572390
2.818009 -70.997514
2.821150 -79.860934
2.824292 -89.126758
2.827433 -98.751142
2.830575 -108.681959
2.833717 -118.858522
2.836858 -129.211397
2.840000 -139.662309
2.843141 -150.124155
2.846283 -160.501151
2.849425 -170.689116
2.852566 -180.575917
2.855708 -190.042097
2.858849 -198.961699
2.861991 -207.203305
2.865133 -214.631311
2.868274 -221.107463
2.871416 -226.492659
2.874557 -230.649051
2.877699 -233.442458
2.880840 -234.745101
2.883982 -234.438694
2.887124 -232.417878
2.890265 -228.594039
2.893407 -222.899495
2.896548 -215.292072
2.899690 -205.760063
2.902832 -194.327576
2.905973 -181.060252
2.909115 -166.071351
2.912256 -149.528184
2.915398 -131.658853
2.918540 -112.759281
2.921681 -93.200477
2.924823 -73.435987
2.927964 -54.009458
2.931106 -35.562258
2.934248 -18.841036
2.937389 -4.705149
2.940531 5.866190
2.943672 11.767145
2.946814 11.759051
2.949956 4.464901
2.953097 -11.635257
2.956239 -38.207842
2.959380 -77.067944
2.962522 -130.179973
2.965663 -199.656502
2.968805 -287.755026
2.971947 -396.872344
2.975088 -529.536248
2.978230 -688.394204
2.981371 -876.198683
2.984513 -1095.788792
2.987655 -1350.067845
2.990796 -1641.976530
2.993938 -1974.461298
2.997079 -2350.437645
3.000221 -2772.747936
3.003363 -3244.113488
3.006504 -3767.080618
3.009646 -4343.960450
3.012787 -4976.762310
3.015929 -5667.120634
3.019071 -6416.215388
3.022212 -7224.686151
3.025354 -8092.540118
3.028495 -9019.054478
3.031637 -10002.673811
3.034779 -11040.903397
3.037920 -12130.199594
3.041062 -13265.858778
3.044203 -14441.906725
3.047345 -15650.990715
3.050486 -16884.277176
3.053628 -18131.358226
3.056770 -19380.171147
3.059911 -20616.935540
3.063053 -21826.113770
3.066194 -22990.401254
3.069336 -24090.754210
3.072478 -25106.463712
3.075619 -26015.286233
3.078761 -26793.642392
3.081902 -27416.897338
3.085044 -27859.738090
3.088186 -28096.665296
3.091327 -28102.619246
3.094469 -27853.762610
3.097610 -27328.445311
3.100752 -26508.380188
3.103894 -25380.061732
3.107035 -23936.464158
3.110177 -22179.059489
3.113318 -20120.201225
3.116460 -17785.924533
3.119602 -15219.219842
3.122743 -12483.843232
3.125885 -9668.734223
3.129026 -6893.119436
3.132168 -4312.389279
3.135309 -2124.844309
3.138451 -579.418351
3.141593 15.503138
