0.000000 0.000000
0.003142 -4102719002.857886
0.006283 -12604420995.760803
0.009425 -21702515955.134869
0.012566 -29411678742.058530
0.015708 -34890323250.782718
0.018850 -37980508670.733004
0.021991 -38900876726.541800
0.025133 -38047850317.414129
0.028274 -35872202052.535655
0.031416 -32807070111.220305
0.034558 -29230223859.268460
0.037699 -25448384810.897388
0.040841 -21695097953.424016
0.043982 -18136341771.114070
0.047124 -14880008556.815539
0.050265 -11986769401.762501
0.053407 -9480805936.930840
0.056549 -7359554156.074687
0.059690 -5602048240.460091
0.062832 -4175737115.342711
0.065973 -3041820320.218486
0.069115 -2159247189.492722
0.072257 -1487569480.109036
0.075398 -988850548.704758
0.078540 -628826782.721979
0.081681 -377498114.965662
0.084823 -209300107.353569
0.087965 -102984199.814346
0.091106 -41307720.164216
0.094248 -10612534.821390
0.097389 -351472.424419
0.100531 -2605086.774995
0.103673 -11617859.657404
0.106814 -23372321.703129
0.109956 -35211445.134418
0.113097 -45513658.147327
0.116239 -53420573.324436
0.119381 -58614664.532395
0.122522 -61142359.238922
0.125664 -61277070.292775
0.128805 -59416350.904408
0.131947 -56007438.146488
0.135088 -51495810.454476
0.138230 -46291912.664760
0.141372 -40751815.079612
0.144513 -35168210.756941
0.147655 -29768776.032106
0.150796 -24719496.056356
0.153938 -20131073.926240
0.157080 -16066991.140836
0.160221 -12552167.013298
0.163363 -9581477.755979
0.166504 -7127647.381074
0.169646 -5148218.969438
0.172788 -3591463.611806
0.175929 -2401192.870865
0.179071 -1520516.087466
0.182212 -894632.825176
0.185354 -472779.055961
0.188496 -209458.390333
0.191637 -65091.008068
0.194779 -6206.454061
0.197920 -5294.935731
0.201062 -40417.383009
0.204204 -94658.963331
0.207345 -155495.184571
0.210487 -214124.998825
0.213628 -264811.971084
0.216770 -304262.897167
0.219911 -331063.366158
0.223053 -345181.656213
0.226195 -347545.931687
0.229336 -339694.819298
0.232478 -323497.894135
0.235619 -300940.201842
0.238761 -273963.481040
0.241903 -244356.039934
0.245044 -213683.109905
0.248186 -183249.793800
0.251327 -154089.316807
0.254469 -126970.064475
0.257611 -102415.768019
0.260752 -80734.103277
0.263894 -62049.855516
0.267035 -46339.631559
0.270177 -33465.849788
0.273319 -23208.393780
0.276460 -15292.871321
0.279602 -9414.877682
0.282743 -5260.025460
0.285885 -2519.780914
0.289027 -903.348322
0.292168 -145.980271
0.295310 -14.173717
0.298451 -308.249675
0.301593 -862.818323
0.304734 -1545.609733
0.307876 -2255.111211
0.311018 -2917.401642
0.314159 -3482.516643
0.317301 -3920.619977
0.320442 -4218.199694
0.323584 -4374.454211
0.326726 -4397.985572
0.329867 -4303.875352
0.333009 -4111.183447
0.336150 -3840.881433
0.339292 -3514.209852
0.342434 -3151.432271
0.345575 -2770.947595
0.348717 -2388.715131
0.351858 -2017.943645
0.355000 -1668.995279
0.358142 -1349.457163
0.361283 -1064.337095
0.364425 -816.344359
0.367566 -606.222028
0.370708 -433.102715
0.373850 -294.865170
0.376991 -188.474442
0.380133 -110.293036
0.383274 -56.354787
0.386416 -22.596785
0.389557 -5.047682
0.392699 0.026886
0.395841 -3.980776
0.398982 -14.088975
0.402124 -27.763308
0.405265 -42.926551
0.408407 -57.946928
0.411549 -71.609828
0.414690 -83.077633
0.417832 -91.841913
0.420973 -97.671632
0.424115 -100.560446
0.427257 -100.675549
0.430398 -98.309944
0.433540 -93.839488
0.436681 -87.685551
0.439823 -80.283730
0.442965 -72.058700
0.446106 -63.405006
0.449248 -54.673381
0.452389 -46.162032
0.455531 -38.112233
0.458673 -30.707515
0.461814 -24.075739
0.464956 -18.293362
0.468097 -13.391247
0.471239 -9.361438
0.474380 -6.164408
0.477522 -3.736342
0.480664 -1.996135
0.483805 -0.851845
0.486947 -0.206416
0.490088 0.037441
0.493230 -0.026750
0.496372 -0.312320
0.499513 -0.741689
0.502655 -1.247808
0.505796 -1.774884
0.508938 -2.278509
0.512080 -2.725286
0.515221 -3.092061
0.518363 -3.364878
0.521504 -3.537744
0.524646 -3.611287
0.527788 -3.591399
0.530929 -3.487902
0.534071 -3.313313
0.537212 -3.081717
0.540354 -2.807799
0.543496 -2.506025
0.546637 -2.189991
0.549779 -1.871939
0.552920 -1.562419
0.556062 -1.270092
0.559203 -1.001651
0.562345 -0.761851
0.565487 -0.553617
0.568628 -0.378212
0.571770 -0.235456
0.574911 -0.123963
0.578053 -0.041399
0.581195 0.015272
0.584336 0.049543
0.587478 0.065153
0.590619 0.065886
0.593761 0.055418
0.596903 0.037178
0.600044 0.014257
0.603186 -0.010665
0.606327 -0.035356
0.609469 -0.058045
0.612611 -0.077416
0.615752 -0.092579
0.618894 -0.103037
0.622035 -0.108632
0.625177 -0.109489
0.628319 -0.105966
0.631460 -0.098586
0.634602 -0.087991
0.637743 -0.074886
0.640885 -0.059997
0.644026 -0.044032
0.647168 -0.027650
0.650310 -0.011440
0.653451 0.004099
0.656593 0.018563
0.659734 0.031650
0.662876 0.043156
0.666018 0.052969
0.669159 0.061064
0.672301 0.067484
0.675442 0.072334
0.678584 0.075764
0.681726 0.077955
0.684867 0.079107
0.688009 0.079429
0.691150 0.079123
0.694292 0.078384
0.697434 0.077385
0.700575 0.076277
0.703717 0.075183
0.706858 0.074200
0.710000 0.073397
0.713142 0.072816
0.716283 0.072475
0.719425 0.072371
0.722566 0.072485
0.725708 0.072784
0.728849 0.073226
0.731991 0.073763
0.735133 0.074346
0.738274 0.074928
0.741416 0.075465
0.744557 0.075920
0.747699 0.076261
0.750841 0.076468
0.753982 0.076527
0.757124 0.076435
0.760265 0.076193
0.763407 0.075813
0.766549 0.075310
0.769690 0.074705
0.772832 0.074019
0.775973 0.073278
0.779115 0.072505
0.782257 0.071723
0.785398 0.070949
0.788540 0.070201
0.791681 0.069490
0.794823 0.068820
0.797965 0.068195
0.801106 0.067610
0.804248 0.067057
0.807389 0.066523
0.810531 0.065992
0.813672 0.065445
0.816814 0.064861
0.819956 0.064218
0.823097 0.063494
0.826239 0.062668
0.829380 0.061722
0.832522 0.060640
0.835664 0.059407
0.838805 0.058015
0.841947 0.056458
0.845088 0.054738
0.848230 0.052857
0.851372 0.050825
0.854513 0.048656
0.857655 0.046366
0.860796 0.043978
0.863938 0.041516
0.867080 0.039007
0.870221 0.036481
0.873363 0.033968
0.876504 0.031501
0.879646 0.029110
0.882788 0.026826
0.885929 0.024680
0.889071 0.022700
0.892212 0.020911
0.895354 0.019337
0.898495 0.017998
0.901637 0.016912
0.904779 0.016092
0.907920 0.015549
0.911062 0.015291
0.914203 0.015322
0.917345 0.015642
0.920487 0.016250
0.923628 0.017141
0.926770 0.018308
0.929911 0.019743
0.933053 0.021434
0.936195 0.023370
0.939336 0.025537
0.942478 0.027922
0.945619 0.030511
0.948761 0.033290
0.951903 0.036244
0.955044 0.039361
0.958186 0.042626
0.961327 0.046029
0.964469 0.049557
0.967611 0.053201
0.970752 0.056951
0.973894 0.060800
0.977035 0.064739
0.980177 0.068764
0.983319 0.072869
0.986460 0.077050
0.989602 0.081304
0.992743 0.085630
0.995885 0.090024
0.999026 0.094487
1.002168 0.099018
1.005310 0.103616
1.008451 0.108282
1.011593 0.113017
1.014734 0.117822
1.017876 0.122696
1.021018 0.127641
1.024159 0.132658
1.027301 0.137747
1.030442 0.142910
1.033584 0.148147
1.036726 0.153458
1.039867 0.158845
1.043009 0.164306
1.046150 0.169844
1.049292 0.175458
1.052434 0.181147
1.055575 0.186913
1.058717 0.192755
1.061858 0.198674
1.065000 0.204669
1.068142 0.210740
1.071283 0.216887
1.074425 0.223111
1.077566 0.229412
1.080708 0.235788
1.083849 0.242242
1.086991 0.248772
1.090133 0.255378
1.093274 0.262062
1.096416 0.268823
1.099557 0.275661
1.102699 0.282576
1.105841 0.289569
1.108982 0.296640
1.112124 0.303788
1.115265 0.311015
1.118407 0.318319
1.121549 0.325702
1.124690 0.333163
1.127832 0.340702
1.130973 0.348319
1.134115 0.356014
1.137257 0.363787
1.140398 0.371638
1.143540 0.379566
1.146681 0.387572
1.149823 0.395656
1.152965 0.403817
1.156106 0.412054
1.159248 0.420369
1.162389 0.428760
1.165531 0.437228
1.168672 0.445771
1.171814 0.454391
1.174956 0.463086
1.178097 0.471857
1.181239 0.480703
1.184380 0.489624
1.187522 0.498620
1.190664 0.507691
1.193805 0.516836
1.196947 0.526056
1.200088 0.535349
1.203230 0.544716
1.206372 0.554156
1.209513 0.563669
1.212655 0.573255
1.215796 0.582913
1.218938 0.592643
1.222080 0.602445
1.225221 0.612318
1.228363 0.622262
1.231504 0.632276
1.234646 0.642359
1.237788 0.652513
1.240929 0.662734
1.244071 0.673024
1.247212 0.683382
1.250354 0.693807
1.253495 0.704298
1.256637 0.714855
1.259779 0.725478
1.262920 0.736165
1.266062 0.746916
1.269203 0.757730
1.272345 0.768607
1.275487 0.779546
1.278628 0.790547
1.281770 0.801608
1.284911 0.812729
1.288053 0.823909
1.291195 0.835148
1.294336 0.846445
1.297478 0.857799
1.300619 0.869209
1.303761 0.880675
1.306903 0.892196
1.310044 0.903770
1.313186 0.915398
1.316327 0.927078
1.319469 0.938810
1.322611 0.950592
1.325752 0.962424
1.328894 0.974304
1.332035 0.986232
1.335177 0.998207
1.338318 1.010228
1.341460 1.022294
1.344602 1.034403
1.347743 1.046556
1.350885 1.058749
1.354026 1.070984
1.357168 1.083258
1.360310 1.095571
1.363451 1.107920
1.366593 1.120306
1.369734 1.132727
1.372876 1.145183
1.376018 1.157670
1.379159 1.170190
1.382301 1.182740
1.385442 1.195319
1.388584 1.207926
1.391726 1.220560
1.394867 1.233219
1.398009 1.245903
1.401150 1.258609
1.404292 1.271338
1.407434 1.284087
1.410575 1.296855
1.413717 1.309641
1.416858 1.322444
1.420000 1.335262
1.423141 1.348093
1.426283 1.360937
1.429425 1.373792
1.432566 1.386656
1.435708 1.399528
1.438849 1.412407
1.441991 1.425291
1.445133 1.438178
1.448274 1.451068
1.451416 1.463958
1.454557 1.476848
1.457699 1.489734
1.460841 1.502617
1.463982 1.515494
1.467124 1.528363
1.470265 1.541224
1.473407 1.554074
1.476549 1.566912
1.479690 1.579736
1.482832 1.592545
1.485973 1.605337
1.489115 1.618110
1.492257 1.630863
1.495398 1.643593
1.498540 1.656300
1.501681 1.668981
1.504823 1.681636
1.507964 1.694261
1.511106 1.706855
1.514248 1.719417
1.517389 1.731945
1.520531 1.744437
1.523672 1.756891
1.526814 1.769305
1.529956 1.781678
1.533097 1.794007
1.536239 1.806292
1.539380 1.818529
1.542522 1.830717
1.545664 1.842854
1.548805 1.854939
1.551947 1.866969
1.555088 1.878942
1.558230 1.890857
1.561372 1.902712
1.564513 1.914504
1.567655 1.926231
1.570796 1.937892
1.573938 1.949485
1.577080 1.961008
1.580221 1.972458
1.583363 1.983834
1.586504 1.995134
1.589646 2.006355
1.592787 2.017497
1.595929 2.028555
1.599071 2.039530
1.602212 2.050419
1.605354 2.061219
1.608495 2.071928
1.611637 2.082545
1.614779 2.093068
1.617920 2.103494
1.621062 2.113822
1.624203 2.124049
1.627345 2.134173
1.630487 2.144192
1.633628 2.154104
1.636770 2.163907
1.639911 2.173599
1.643053 2.183177
1.646195 2.192640
1.649336 2.201986
1.652478 2.211211
1.655619 2.220315
1.658761 2.229295
1.661903 2.238148
1.665044 2.246873
1.668186 2.255468
1.671327 2.263930
1.674469 2.272257
1.677610 2.280448
1.680752 2.288499
1.683894 2.296409
1.687035 2.304176
1.690177 2.311797
1.693318 2.319271
1.696460 2.326595
1.699602 2.333767
1.702743 2.340785
1.705885 2.347647
1.709026 2.354351
1.712168 2.360894
1.715310 2.367275
1.718451 2.373491
1.721593 2.379540
1.724734 2.385421
1.727876 2.391130
1.731018 2.396667
1.734159 2.402028
1.737301 2.407211
1.740442 2.412215
1.743584 2.417037
1.746726 2.421675
1.749867 2.426127
1.753009 2.430391
1.756150 2.434464
1.759292 2.438345
1.762433 2.442032
1.765575 2.445522
1.768717 2.448813
1.771858 2.451903
1.775000 2.454790
1.778141 2.457473
1.781283 2.459948
1.784425 2.462215
1.787566 2.464270
1.790708 2.466112
1.793849 2.467739
1.796991 2.469149
1.800133 2.470340
1.803274 2.471310
1.806416 2.472057
1.809557 2.472579
1.812699 2.472874
1.815841 2.472940
1.818982 2.472775
1.822124 2.472378
1.825265 2.471746
1.828407 2.470878
1.831549 2.469771
1.834690 2.468424
1.837832 2.466834
1.840973 2.465000
1.844115 2.462920
1.847256 2.460592
1.850398 2.458014
1.853540 2.455184
1.856681 2.452101
1.859823 2.448762
1.862964 2.445166
1.866106 2.441311
1.869248 2.437195
1.872389 2.432816
1.875531 2.428173
1.878672 2.423264
1.881814 2.418088
1.884956 2.412642
1.888097 2.406925
1.891239 2.400936
1.894380 2.394673
1.897522 2.388134
1.900664 2.381317
1.903805 2.374223
1.906947 2.366848
1.910088 2.359191
1.913230 2.351251
1.916372 2.343027
1.919513 2.334516
1.922655 2.325718
1.925796 2.316631
1.928938 2.307253
1.932079 2.297584
1.935221 2.287621
1.938363 2.277363
1.941504 2.266809
1.944646 2.255958
1.947787 2.244807
1.950929 2.233356
1.954071 2.221604
1.957212 2.209548
1.960354 2.197188
1.963495 2.184523
1.966637 2.171551
1.969779 2.158272
1.972920 2.144683
1.976062 2.130785
1.979203 2.116576
1.982345 2.102055
1.985487 2.087221
1.988628 2.072073
1.991770 2.056611
1.994911 2.040834
1.998053 2.024740
2.001195 2.008329
2.004336 1.991600
2.007478 1.974553
2.010619 1.957186
2.013761 1.939498
2.016902 1.921489
2.020044 1.903157
2.023186 1.884502
2.026327 1.865523
2.029469 1.846219
2.032610 1.826589
2.035752 1.806632
2.038894 1.786348
2.042035 1.765736
2.045177 1.744795
2.048318 1.723525
2.051460 1.701926
2.054602 1.679997
2.057743 1.657740
2.060885 1.635154
2.064026 1.612239
2.067168 1.588998
2.070310 1.565429
2.073451 1.541535
2.076593 1.517316
2.079734 1.492773
2.082876 1.467908
2.086018 1.442721
2.089159 1.417212
2.092301 1.391382
2.095442 1.365230
2.098584 1.338755
2.101725 1.311957
2.104867 1.284833
2.108009 1.257379
2.111150 1.229592
2.114292 1.201469
2.117433 1.173003
2.120575 1.144189
2.123717 1.115023
2.126858 1.085497
2.130000 1.055608
2.133141 1.025350
2.136283 0.994723
2.139425 0.963726
2.142566 0.932362
2.145708 0.900639
2.148849 0.868570
2.151991 0.836173
2.155133 0.803476
2.158274 0.770514
2.161416 0.737334
2.164557 0.703992
2.167699 0.670559
2.170841 0.637119
2.173982 0.603772
2.177124 0.570635
2.180265 0.537839
2.183407 0.505535
2.186548 0.473892
2.189690 0.443096
2.192832 0.413350
2.195973 0.384875
2.199115 0.357906
2.202256 0.332691
2.205398 0.309490
2.208540 0.288572
2.211681 0.270210
2.214823 0.254677
2.217964 0.242245
2.221106 0.233177
2.224248 0.227725
2.227389 0.226121
2.230531 0.228573
2.233672 0.235263
2.236814 0.246336
2.239956 0.261898
2.243097 0.282011
2.246239 0.306688
2.249380 0.335889
2.252522 0.369520
2.255664 0.407427
2.258805 0.449401
2.261947 0.495174
2.265088 0.544422
2.268230 0.596768
2.271371 0.651790
2.274513 0.709022
2.277655 0.767963
2.280796 0.828092
2.283938 0.888869
2.287079 0.949753
2.290221 1.010212
2.293363 1.069738
2.296504 1.127858
2.299646 1.184146
2.302787 1.238243
2.305929 1.289861
2.309071 1.338799
2.312212 1.384951
2.315354 1.428314
2.318495 1.468990
2.321637 1.507195
2.324779 1.543251
2.327920 1.577586
2.331062 1.610722
2.334203 1.643272
2.337345 1.675915
2.340487 1.709386
2.343628 1.744450
2.346770 1.781879
2.349911 1.822427
2.353053 1.866801
2.356194 1.915635
2.359336 1.969457
2.362478 2.028668
2.365619 2.093512
2.368761 2.164058
2.371902 2.240179
2.375044 2.321544
2.378186 2.407612
2.381327 2.497630
2.384469 2.590647
2.387610 2.685531
2.390752 2.780995
2.393894 2.875631
2.397035 2.967960
2.400177 3.056476
2.403318 3.139708
2.406460 3.216284
2.409602 3.284994
2.412743 3.344862
2.415885 3.395209
2.419026 3.435719
2.422168 3.466491
2.425310 3.488089
2.428451 3.501573
2.431593 3.508518
2.434734 3.511010
2.437876 3.511632
2.441017 3.513412
2.444159 3.519762
2.447301 3.534383
2.450442 3.561153
2.453584 3.603990
2.456725 3.666693
2.459867 3.752777
2.463009 3.865286
2.466150 4.006608
2.469292 4.178292
2.472433 4.380872
2.475575 4.613719
2.478717 4.874908
2.481858 5.161135
2.485000 5.467679
2.488141 5.788413
2.491283 6.115891
2.494425 6.441492
2.497566 6.755652
2.500708 7.048162
2.503849 7.308547
2.506991 7.526516
2.510133 7.692470
2.513274 7.798072
2.516416 7.836838
2.519557 7.804755
2.522699 7.700880
2.525840 7.527907
2.528982 7.292665
2.532124 7.006515
2.535265 6.685607
2.538407 6.350977
2.541548 6.028433
2.544690 5.748221
2.547832 5.544423
2.550973 5.454099
2.554115 5.516145
2.557256 5.769871
2.560398 6.253330
2.563540 7.001416
2.566681 8.043786
2.569823 9.402664
2.572964 11.090613
2.576106 13.108372
2.579248 15.442868
2.582389 18.065535
2.585531 20.931075
2.588672 23.976797
2.591814 27.122691
2.594956 30.272359
2.598097 33.314944
2.601239 36.128142
2.604380 38.582385
2.607522 40.546224
2.610663 41.892892
2.613805 42.507970
2.616947 42.298035
2.620088 41.200047
2.623230 39.191204
2.626371 36.298883
2.629513 32.610209
2.632655 28.280727
2.635796 23.541580
2.638938 18.704538
2.642079 14.164204
2.645221 10.396696
2.648363 7.954162
2.651504 7.454504
2.654646 9.565830
2.657787 14.985285
2.660929 24.412125
2.664071 38.515146
2.667212 57.894895
2.670354 83.041449
2.673495 114.288942
2.676637 151.768462
2.679779 195.361393
2.682920 244.655737
2.686062 298.908403
2.689203 357.016832
2.692345 417.503669
2.695486 478.518400
2.698628 537.859958
2.701770 593.024194
2.704911 641.279768
2.708053 679.775459
2.711194 705.680995
2.714336 716.362322
2.717478 709.590688
2.720619 683.783056
2.723761 638.269125
2.726902 573.577727
2.730044 491.732593
2.733186 396.544494
2.736327 293.883761
2.739469 191.914194
2.742610 101.266640
2.745752 35.128249
2.748894 9.221785
2.752035 41.648727
2.755177 152.570484
2.758318 363.704173
2.761460 697.613395
2.764602 1176.780632
2.767743 1822.456422
2.770885 2653.291723
2.774026 3683.773893
2.777168 4922.503519
2.780309 6370.368872
2.783451 8018.696734
2.786593 9847.482192
2.789734 11823.825125
2.792876 13900.726288
2.796017 16016.420054
2.799159 18094.442131
2.802301 20044.647114
2.805442 21765.400154
2.808584 23147.166801
2.811725 24077.712290
2.814867 24449.093247
2.818009 24166.577883
2.821150 23159.562314
2.824292 21394.458047
2.827433 18889.406785
2.830575 15730.532399
2.833717 12089.266005
2.836858 8240.080248
2.840000 4577.746619
2.843141 1632.990904
2.846283 85.175697
2.849425 770.397572
2.852566 4683.166156
2.855708 12969.653299
2.858849 26910.387365
2.861991 47890.249565
2.865133 77353.739442
2.868274 116743.752141
2.871416 167422.590960
2.874557 230574.666024
2.877699 307091.344908
2.880840 397439.761351
2.883982 501519.085440
2.887124 618509.833802
2.890265 746724.256930
2.893407 883468.666980
2.896548 1024931.719218
2.899690 1166116.054373
2.902832 1300834.224241
2.905973 1421793.284085
2.909115 1520795.607050
2.912256 1589086.055045
2.915398 1617877.249661
2.918540 1599084.870501
2.921681 1526303.132783
2.924823 1396046.253493
2.927964 1209274.135263
2.931106 973208.966077
2.934248 703433.225531
2.937389 426238.011496
2.940531 181163.054066
2.943672 23635.838482
2.946814 27576.760451
2.949956 287790.430919
2.953097 921910.929702
2.956239 2071612.507864
2.959380 3902739.428018
2.962522 6603952.956325
2.965663 10383445.059515
2.968805 15463233.898631
2.971947 22070544.510438
2.975088 30425800.125897
2.978230 40726818.846729
2.981371 53128942.939854
2.984513 67721042.500839
2.987655 84497652.851011
2.990796 103327949.046107
2.993938 123922855.952389
2.997079 145802363.411448
3.000221 168266086.553348
3.003363 190371301.005346
3.006504 210924104.223144
3.009646 228491008.827062
3.012787 241440146.345600
3.015929 248023311.373296
3.019071 246512236.264680
3.022212 235404642.799902
3.025354 213717604.092142
3.028495 181387335.060693
3.031637 139795399.588363
3.034779 92441066.893072
3.037920 45777646.596936
3.041062 10226433.541507
3.044203 1374615.553067
3.047345 41352216.439848
3.050486 160366806.726179
3.053628 398352152.792214
3.056770 806656970.640597
3.059911 1449661312.194566
3.063053 2406159815.858601
3.066194 3770292451.230947
3.069336 5651734514.019848
3.072478 8174779631.546146
3.075619 11475865295.751728
3.078761 15699005381.770722
3.081902 20988517359.010640
3.085044 27478377789.374497
3.088186 35277529789.619247
3.091327 44450531847.986324
3.094469 54993123516.582554
3.097610 66802652700.566831
3.100752 79643947863.188880
3.103894 93112243953.249152
3.107035 106596341433.798992
3.110177 119247504501.307487
3.113318 129962966720.123334
3.116460 137397676791.728364
3.119602 140024562994.041156
3.122743 136272743508.091379
3.125885 124785563662.992435
3.129026 104857130521.372237
3.132168 77128457754.566605
3.135309 44654106972.204860
3.138451 14489443156.826039
3.141593 15.503138
