0.000000 0.000000
0.003142 0.000000
0.006283 0.000000
0.009425 0.000000
0.012566 0.000001
0.015708 0.000002
0.018850 0.000003
0.021991 0.000005
0.025133 0.000008
0.028274 0.000011
0.031416 0.000016
0.034558 0.000021
0.037699 0.000027
0.040841 0.000034
0.043982 0.000043
0.047124 0.000052
0.050265 0.000063
0.053407 0.000076
0.056549 0.000090
0.059690 0.000106
0.062832 0.000124
0.065973 0.000143
0.069115 0.000165
0.072257 0.000188
0.075398 0.000214
0.078540 0.000242
0.081681 0.000272
0.084823 0.000305
0.087965 0.000340
0.091106 0.000378
0.094248 0.000418
0.097389 0.000461
0.100531 0.000507
0.103673 0.000556
0.106814 0.000608
0.109956 0.000663
0.113097 0.000721
0.116239 0.000783
0.119381 0.000848
0.122522 0.000916
0.125664 0.000988
0.128805 0.001064
0.131947 0.001143
0.135088 0.001227
0.138230 0.001314
0.141372 0.001405
0.144513 0.001500
0.147655 0.001599
0.150796 0.001703
0.153938 0.001811
0.157080 0.001923
0.160221 0.002040
0.163363 0.002161
0.166504 0.002287
0.169646 0.002418
0.172788 0.002553
0.175929 0.002693
0.179071 0.002839
0.182212 0.002989
0.185354 0.003144
0.188496 0.003305
0.191637 0.003470
0.194779 0.003641
0.197920 0.003818
0.201062 0.003999
0.204204 0.004187
0.207345 0.004379
0.210487 0.004578
0.213628 0.004782
0.216770 0.004992
0.219911 0.005207
0.223053 0.005429
0.226195 0.005656
0.229336 0.005889
0.232478 0.006129
0.235619 0.006374
0.238761 0.006625
0.241903 0.006883
0.245044 0.007147
0.248186 0.007417
0.251327 0.007693
0.254469 0.007976
0.257611 0.008265
0.260752 0.008561
0.263894 0.008863
0.267035 0.009171
0.270177 0.009486
0.273319 0.009807
0.276460 0.010135
0.279602 0.010470
0.282743 0.010811
0.285885 0.011159
0.289027 0.011513
0.292168 0.011874
0.295310 0.012242
0.298451 0.012616
0.301593 0.012997
0.304734 0.013385
0.307876 0.013779
0.311018 0.014180
0.314159 0.014588
0.317301 0.015003
0.320442 0.015424
0.323584 0.015852
0.326726 0.016286
0.329867 0.016727
0.333009 0.017175
0.336150 0.017629
0.339292 0.018090
0.342434 0.018557
0.345575 0.019031
0.348717 0.019511
0.351858 0.019998
0.355000 0.020491
0.358142 0.020990
0.361283 0.021496
0.364425 0.022008
0.367566 0.022526
0.370708 0.023050
0.373850 0.023580
0.376991 0.024117
0.380133 0.024659
0.383274 0.025207
0.386416 0.025761
0.389557 0.026320
0.392699 0.026886
0.395841 0.027456
0.398982 0.028033
0.402124 0.028614
0.405265 0.029201
0.408407 0.029793
0.411549 0.030390
0.414690 0.030992
0.417832 0.031599
0.420973 0.032211
0.424115 0.032827
0.427257 0.033448
0.430398 0.034073
0.433540 0.034702
0.436681 0.035336
0.439823 0.035973
0.442965 0.036615
0.446106 0.037259
0.449248 0.037908
0.452389 0.038560
0.455531 0.039214
0.458673 0.039872
0.461814 0.040533
0.464956 0.041197
0.468097 0.041863
0.471239 0.042531
0.474380 0.043202
0.477522 0.043874
0.480664 0.044549
0.483805 0.045224
0.486947 0.045902
0.490088 0.046580
0.493230 0.047259
0.496372 0.047939
0.499513 0.048620
0.502655 0.049301
0.505796 0.049982
0.508938 0.050663
0.512080 0.051343
0.515221 0.052023
0.518363 0.052702
0.521504 0.053379
0.524646 0.054056
0.527788 0.054730
0.530929 0.055403
0.534071 0.056073
0.537212 0.056741
0.540354 0.057407
0.543496 0.058069
0.546637 0.058728
0.549779 0.059383
0.552920 0.060035
0.556062 0.060682
0.559203 0.061325
0.562345 0.061963
0.565487 0.062595
0.568628 0.063223
0.571770 0.063844
0.574911 0.064460
0.578053 0.065069
0.581195 0.065671
0.584336 0.066266
0.587478 0.066854
0.590619 0.067434
0.593761 0.068006
0.596903 0.068569
0.600044 0.069123
0.603186 0.069669
0.606327 0.070204
0.609469 0.070730
0.612611 0.071245
0.615752 0.071750
0.618894 0.072243
0.622035 0.072725
0.625177 0.073195
0.628319 0.073652
0.631460 0.074097
0.634602 0.074529
0.637743 0.074947
0.640885 0.075352
0.644026 0.075742
0.647168 0.076117
0.650310 0.076477
0.653451 0.076821
0.656593 0.077149
0.659734 0.077461
0.662876 0.077756
0.666018 0.078033
0.669159 0.078292
0.672301 0.078534
0.675442 0.078756
0.678584 0.078959
0.681726 0.079143
0.684867 0.079306
0.688009 0.079449
0.691150 0.079570
0.694292 0.079670
0.697434 0.079748
0.700575 0.079804
0.703717 0.079836
0.706858 0.079845
0.710000 0.079830
0.713142 0.079790
0.716283 0.079726
0.719425 0.079636
0.722566 0.079520
0.725708 0.079377
0.728849 0.079208
0.731991 0.079011
0.735133 0.078786
0.738274 0.078532
0.741416 0.078250
0.744557 0.077937
0.747699 0.077595
0.750841 0.077222
0.753982 0.076818
0.757124 0.076383
0.760265 0.075915
0.763407 0.075414
0.766549 0.074880
0.769690 0.074313
0.772832 0.073711
0.775973 0.073074
0.779115 0.072402
0.782257 0.071694
0.785398 0.070949
0.788540 0.070168
0.791681 0.069349
0.794823 0.068492
0.797965 0.067596
0.801106 0.066661
0.804248 0.065686
0.807389 0.064671
0.810531 0.063615
0.813672 0.062518
0.816814 0.061379
0.819956 0.060198
0.823097 0.058973
0.826239 0.057705
0.829380 0.056393
0.832522 0.055037
0.835664 0.053635
0.838805 0.052187
0.841947 0.050694
0.845088 0.049153
0.848230 0.047565
0.851372 0.045929
0.854513 0.044245
0.857655 0.042512
0.860796 0.040729
0.863938 0.038896
0.867080 0.037013
0.870221 0.035079
0.873363 0.033093
0.876504 0.031055
0.879646 0.028964
0.882788 0.026820
0.885929 0.024622
0.889071 0.022370
0.892212 0.020064
0.895354 0.017702
0.898495 0.015284
0.901637 0.012810
0.904779 0.010279
0.907920 0.007691
0.911062 0.005044
0.914203 0.002340
0.917345 0.000423
0.920487 0.003246
0.923628 0.006128
0.926770 0.009070
0.929911 0.012074
0.933053 0.015138
0.936195 0.018264
0.939336 0.021453
0.942478 0.024704
0.945619 0.028018
0.948761 0.031395
0.951903 0.034837
0.955044 0.038343
0.958186 0.041914
0.961327 0.045550
0.964469 0.049252
0.967611 0.053020
0.970752 0.056855
0.973894 0.060757
0.977035 0.064726
0.980177 0.068763
0.983319 0.072868
0.986460 0.077041
0.989602 0.081284
0.992743 0.085596
0.995885 0.089978
0.999026 0.094429
1.002168 0.098952
1.005310 0.103545
1.008451 0.108209
1.011593 0.112944
1.014734 0.117752
1.017876 0.122631
1.021018 0.127583
1.024159 0.132608
1.027301 0.137706
1.030442 0.142877
1.033584 0.148121
1.036726 0.153440
1.039867 0.158832
1.043009 0.164299
1.046150 0.169841
1.049292 0.175457
1.052434 0.181149
1.055575 0.186916
1.058717 0.192759
1.061858 0.198677
1.065000 0.204671
1.068142 0.210742
1.071283 0.216889
1.074425 0.223112
1.077566 0.229412
1.080708 0.235788
1.083849 0.242242
1.086991 0.248773
1.090133 0.255380
1.093274 0.262065
1.096416 0.268828
1.099557 0.275668
1.102699 0.282585
1.105841 0.289580
1.108982 0.296653
1.112124 0.303803
1.115265 0.311031
1.118407 0.318337
1.121549 0.325721
1.124690 0.333182
1.127832 0.340721
1.130973 0.348338
1.134115 0.356032
1.137257 0.363804
1.140398 0.371654
1.143540 0.379581
1.146681 0.387585
1.149823 0.395667
1.152965 0.403826
1.156106 0.412061
1.159248 0.420374
1.162389 0.428764
1.165531 0.437230
1.168672 0.445773
1.171814 0.454391
1.174956 0.463086
1.178097 0.471857
1.181239 0.480703
1.184380 0.489625
1.187522 0.498622
1.190664 0.507693
1.193805 0.516839
1.196947 0.526060
1.200088 0.535354
1.203230 0.544722
1.206372 0.554163
1.209513 0.563677
1.212655 0.573264
1.215796 0.582923
1.218938 0.592654
1.222080 0.602456
1.225221 0.612329
1.228363 0.622272
1.231504 0.632286
1.234646 0.642369
1.237788 0.652521
1.240929 0.662742
1.244071 0.673031
1.247212 0.683388
1.250354 0.693812
1.253495 0.704302
1.256637 0.714858
1.259779 0.725480
1.262920 0.736166
1.266062 0.746917
1.269203 0.757730
1.272345 0.768607
1.275487 0.779546
1.278628 0.790547
1.281770 0.801608
1.284911 0.812729
1.288053 0.823910
1.291195 0.835150
1.294336 0.846447
1.297478 0.857802
1.300619 0.869213
1.303761 0.880679
1.306903 0.892200
1.310044 0.903775
1.313186 0.915404
1.316327 0.927084
1.319469 0.938816
1.322611 0.950598
1.325752 0.962430
1.328894 0.974310
1.332035 0.986238
1.335177 0.998213
1.338318 1.010233
1.341460 1.022298
1.344602 1.034407
1.347743 1.046559
1.350885 1.058752
1.354026 1.070986
1.357168 1.083259
1.360310 1.095571
1.363451 1.107921
1.366593 1.120307
1.369734 1.132728
1.372876 1.145183
1.376018 1.157670
1.379159 1.170190
1.382301 1.182740
1.385442 1.195319
1.388584 1.207927
1.391726 1.220561
1.394867 1.233221
1.398009 1.245905
1.401150 1.258612
1.404292 1.271341
1.407434 1.284090
1.410575 1.296859
1.413717 1.309645
1.416858 1.322448
1.420000 1.335266
1.423141 1.348097
1.426283 1.360941
1.429425 1.373796
1.432566 1.386660
1.435708 1.399532
1.438849 1.412410
1.441991 1.425294
1.445133 1.438181
1.448274 1.451070
1.451416 1.463960
1.454557 1.476849
1.457699 1.489735
1.460841 1.502617
1.463982 1.515494
1.467124 1.528363
1.470265 1.541224
1.473407 1.554074
1.476549 1.566912
1.479690 1.579736
1.482832 1.592545
1.485973 1.605337
1.489115 1.618111
1.492257 1.630864
1.495398 1.643595
1.498540 1.656302
1.501681 1.668984
1.504823 1.681638
1.507964 1.694264
1.511106 1.706859
1.514248 1.719421
1.517389 1.731949
1.520531 1.744441
1.523672 1.756894
1.526814 1.769309
1.529956 1.781681
1.533097 1.794011
1.536239 1.806295
1.539380 1.818531
1.542522 1.830719
1.545664 1.842856
1.548805 1.854941
1.551947 1.866970
1.555088 1.878943
1.558230 1.890858
1.561372 1.902712
1.564513 1.914504
1.567655 1.926231
1.570796 1.937892
1.573938 1.949485
1.577080 1.961008
1.580221 1.972458
1.583363 1.983835
1.586504 1.995135
1.589646 2.006356
1.592787 2.017498
1.595929 2.028557
1.599071 2.039533
1.602212 2.050421
1.605354 2.061222
1.608495 2.071932
1.611637 2.082549
1.614779 2.093072
1.617920 2.103498
1.621062 2.113826
1.624203 2.124053
1.627345 2.134176
1.630487 2.144195
1.633628 2.154107
1.636770 2.163910
1.639911 2.173602
1.643053 2.183180
1.646195 2.192642
1.649336 2.201987
1.652478 2.211213
1.655619 2.220316
1.658761 2.229295
1.661903 2.238149
1.665044 2.246874
1.668186 2.255468
1.671327 2.263930
1.674469 2.272258
1.677610 2.280448
1.680752 2.288500
1.683894 2.296410
1.687035 2.304177
1.690177 2.311799
1.693318 2.319273
1.696460 2.326598
1.699602 2.333770
1.702743 2.340789
1.705885 2.347651
1.709026 2.354355
1.712168 2.360899
1.715310 2.367280
1.718451 2.373496
1.721593 2.379546
1.724734 2.385426
1.727876 2.391135
1.731018 2.396671
1.734159 2.402032
1.737301 2.407215
1.740442 2.412218
1.743584 2.417040
1.746726 2.421677
1.749867 2.426129
1.753009 2.430392
1.756150 2.434465
1.759292 2.438346
1.762433 2.442032
1.765575 2.445522
1.768717 2.448813
1.771858 2.451903
1.775000 2.454791
1.778141 2.457474
1.781283 2.459950
1.784425 2.462217
1.787566 2.464273
1.790708 2.466116
1.793849 2.467743
1.796991 2.469154
1.800133 2.470346
1.803274 2.471317
1.806416 2.472064
1.809557 2.472587
1.812699 2.472882
1.815841 2.472949
1.818982 2.472784
1.822124 2.472387
1.825265 2.471755
1.828407 2.470886
1.831549 2.469779
1.834690 2.468431
1.837832 2.466840
1.840973 2.465005
1.844115 2.462924
1.847256 2.460595
1.850398 2.458016
1.853540 2.455186
1.856681 2.452102
1.859823 2.448762
1.862964 2.445166
1.866106 2.441311
1.869248 2.437195
1.872389 2.432817
1.875531 2.428175
1.878672 2.423267
1.881814 2.418091
1.884956 2.412647
1.888097 2.406931
1.891239 2.400944
1.894380 2.394682
1.897522 2.388144
1.900664 2.381330
1.903805 2.374236
1.906947 2.366862
1.910088 2.359206
1.913230 2.351267
1.916372 2.343043
1.919513 2.334532
1.922655 2.325734
1.925796 2.316646
1.928938 2.307267
1.932079 2.297596
1.935221 2.287632
1.938363 2.277372
1.941504 2.266817
1.944646 2.255963
1.947787 2.244811
1.950929 2.233359
1.954071 2.221605
1.957212 2.209549
1.960354 2.197189
1.963495 2.184523
1.966637 2.171552
1.969779 2.158272
1.972920 2.144685
1.976062 2.130788
1.979203 2.116580
1.982345 2.102060
1.985487 2.087227
1.988628 2.072081
1.991770 2.056620
1.994911 2.040843
1.998053 2.024749
2.001195 2.008338
2.004336 1.991608
2.007478 1.974559
2.010619 1.957190
2.013761 1.939500
2.016902 1.921487
2.020044 1.903153
2.023186 1.884495
2.026327 1.865513
2.029469 1.846206
2.032610 1.826575
2.035752 1.806617
2.038894 1.786332
2.042035 1.765721
2.045177 1.744782
2.048318 1.723514
2.051460 1.701918
2.054602 1.679993
2.057743 1.657738
2.060885 1.635154
2.064026 1.612239
2.067168 1.588993
2.070310 1.565416
2.073451 1.541508
2.076593 1.517269
2.079734 1.492697
2.082876 1.467794
2.086018 1.442558
2.089159 1.416990
2.092301 1.391090
2.095442 1.364857
2.098584 1.338292
2.101725 1.311393
2.104867 1.284163
2.108009 1.256599
2.111150 1.228704
2.114292 1.200475
2.117433 1.171915
2.120575 1.143022
2.123717 1.113797
2.126858 1.084241
2.130000 1.054353
2.133141 1.024134
2.136283 0.993584
2.139425 0.962703
2.142566 0.931492
2.145708 0.899951
2.148849 0.868081
2.151991 0.835882
2.155133 0.803354
2.158274 0.770498
2.161416 0.737316
2.164557 0.703806
2.167699 0.669970
2.170841 0.635808
2.173982 0.601322
2.177124 0.566511
2.180265 0.531378
2.183407 0.495921
2.186548 0.460143
2.189690 0.424043
2.192832 0.387623
2.195973 0.350885
2.199115 0.313827
2.202256 0.276453
2.205398 0.238762
2.208540 0.200755
2.211681 0.162435
2.214823 0.123801
2.217964 0.084855
2.221106 0.045597
2.224248 0.006030
2.227389 0.033845
2.230531 0.074028
2.233672 0.114517
2.236814 0.155311
2.239956 0.196409
2.243097 0.237809
2.246239 0.279509
2.249380 0.321509
2.252522 0.363807
2.255664 0.406401
2.258805 0.449290
2.261947 0.492473
2.265088 0.535947
2.268230 0.579712
2.271371 0.623766
2.274513 0.668106
2.277655 0.712732
2.280796 0.757641
2.283938 0.802833
2.287079 0.848304
2.290221 0.894054
2.293363 0.940080
2.296504 0.986381
2.299646 1.032955
2.302787 1.079800
2.305929 1.126913
2.309071 1.174294
2.312212 1.221940
2.315354 1.269848
2.318495 1.318018
2.321637 1.366447
2.324779 1.415132
2.327920 1.464072
2.331062 1.513265
2.334203 1.562708
2.337345 1.612400
2.340487 1.662337
2.343628 1.712518
2.346770 1.762941
2.349911 1.813603
2.353053 1.864502
2.356194 1.915635
2.359336 1.967000
2.362478 2.018596
2.365619 2.070418
2.368761 2.122466
2.371902 2.174736
2.375044 2.227227
2.378186 2.279934
2.381327 2.332857
2.384469 2.385993
2.387610 2.439338
2.390752 2.492891
2.393894 2.546648
2.397035 2.600608
2.400177 2.654767
2.403318 2.709123
2.406460 2.763673
2.409602 2.818415
2.412743 2.873345
2.415885 2.928461
2.419026 2.983761
2.422168 3.039241
2.425310 3.094899
2.428451 3.150732
2.431593 3.206738
2.434734 3.262912
2.437876 3.319253
2.441017 3.375757
2.444159 3.432422
2.447301 3.489246
2.450442 3.546224
2.453584 3.603354
2.456725 3.660633
2.459867 3.718058
2.463009 3.775626
2.466150 3.833335
2.469292 3.891181
2.472433 3.949161
2.475575 4.007273
2.478717 4.065513
2.481858 4.123878
2.485000 4.182365
2.488141 4.240972
2.491283 4.299695
2.494425 4.358531
2.497566 4.417477
2.500708 4.476530
2.503849 4.535687
2.506991 4.594945
2.510133 4.654300
2.513274 4.713751
2.516416 4.773293
2.519557 4.832923
2.522699 4.892639
2.525840 4.952438
2.528982 5.012315
2.532124 5.072269
2.535265 5.132296
2.538407 5.192393
2.541548 5.252556
2.544690 5.312784
2.547832 5.373072
2.550973 5.433417
2.554115 5.493817
2.557256 5.554269
2.560398 5.614768
2.563540 5.675313
2.566681 5.735900
2.569823 5.796525
2.572964 5.857187
2.576106 5.917882
2.579248 5.978606
2.582389 6.039357
2.585531 6.100131
2.588672 6.160927
2.591814 6.221740
2.594956 6.282567
2.598097 6.343406
2.601239 6.404253
2.604380 6.465106
2.607522 6.525961
2.610663 6.586816
2.613805 6.647668
2.616947 6.708513
2.620088 6.769349
2.623230 6.830172
2.626371 6.890981
2.629513 6.951771
2.632655 7.012540
2.635796 7.073286
2.638938 7.134005
2.642079 7.194695
2.645221 7.255352
2.648363 7.315974
2.651504 7.376558
2.654646 7.437102
2.657787 7.497602
2.660929 7.558056
2.664071 7.618461
2.667212 7.678815
2.670354 7.739115
2.673495 7.799358
2.676637 7.859542
2.679779 7.919664
2.682920 7.979721
2.686062 8.039711
2.689203 8.099632
2.692345 8.159480
2.695486 8.219255
2.698628 8.278952
2.701770 8.338570
2.704911 8.398106
2.708053 8.457559
2.711194 8.516925
2.714336 8.576202
2.717478 8.635389
2.720619 8.694482
2.723761 8.753480
2.726902 8.812381
2.730044 8.871182
2.733186 8.929882
2.736327 8.988478
2.739469 9.046968
2.742610 9.105351
2.745752 9.163624
2.748894 9.221785
2.752035 9.279833
2.755177 9.337766
2.758318 9.395581
2.761460 9.453278
2.764602 9.510854
2.767743 9.568308
2.770885 9.625639
2.774026 9.682843
2.777168 9.739921
2.780309 9.796870
2.783451 9.853690
2.786593 9.910377
2.789734 9.966932
2.792876 10.023353
2.796017 10.079639
2.799159 10.135787
2.802301 10.191798
2.805442 10.247670
2.808584 10.303401
2.811725 10.358992
2.814867 10.414440
2.818009 10.469744
2.821150 10.524905
2.824292 10.579921
2.827433 10.634790
2.830575 10.689513
2.833717 10.744089
2.836858 10.798517
2.840000 10.852796
2.843141 10.906926
2.846283 10.960906
2.849425 11.014736
2.852566 11.068416
2.855708 11.121945
2.858849 11.175322
2.861991 11.228548
2.865133 11.281622
2.868274 11.334545
2.871416 11.387316
2.874557 11.439934
2.877699 11.492401
2.880840 11.544717
2.883982 11.596881
2.887124 11.648893
2.890265 11.700754
2.893407 11.752465
2.896548 11.804025
2.899690 11.855436
2.902832 11.906697
2.905973 11.957809
2.909115 12.008773
2.912256 12.059590
2.915398 12.110260
2.918540 12.160784
2.921681 12.211163
2.924823 12.261398
2.927964 12.311490
2.931106 12.361440
2.934248 12.411249
2.937389 12.460919
2.940531 12.510450
2.943672 12.559845
2.946814 12.609103
2.949956 12.658228
2.953097 12.707220
2.956239 12.756081
2.959380 12.804813
2.962522 12.853417
2.965663 12.901896
2.968805 12.950250
2.971947 12.998483
2.975088 13.046595
2.978230 13.094590
2.981371 13.142468
2.984513 13.190234
2.987655 13.237888
2.990796 13.285433
2.993938 13.332871
2.997079 13.380206
3.000221 13.427439
3.003363 13.474573
3.006504 13.521611
3.009646 13.568556
3.012787 13.615410
3.015929 13.662176
3.019071 13.708858
3.022212 13.755458
3.025354 13.801980
3.028495 13.848426
3.031637 13.894800
3.034779 13.941106
3.037920 13.987346
3.041062 14.033524
3.044203 14.079645
3.047345 14.125710
3.050486 14.171725
3.053628 14.217692
3.056770 14.263616
3.059911 14.309500
3.063053 14.355349
3.066194 14.401166
3.069336 14.446957
3.072478 14.492724
3.075619 14.538472
3.078761 14.584205
3.081902 14.629929
3.085044 14.675647
3.088186 14.721363
3.091327 14.767084
3.094469 14.812812
3.097610 14.858553
3.100752 14.904313
3.103894 14.950095
3.107035 14.995905
3.110177 15.041747
3.113318 15.087628
3.116460 15.133551
3.119602 15.179523
3.122743 15.225549
3.125885 15.271634
3.129026 15.317783
3.132168 15.364003
3.135309 15.410298
3.138451 15.456674
3.141593 15.503138
