0.000000 0.000000
0.003142 -0.001044
0.006283 -0.004110
0.009425 -0.009103
0.012566 -0.015929
0.015708 -0.024496
0.018850 -0.034717
0.021991 -0.046504
0.025133 -0.059773
0.028274 -0.074442
0.031416 -0.090432
0.034558 -0.107665
0.037699 -0.126066
0.040841 -0.145561
0.043982 -0.166079
0.047124 -0.187550
0.050265 -0.209908
0.053407 -0.233087
0.056549 -0.257024
0.059690 -0.281658
0.062832 -0.306927
0.065973 -0.332776
0.069115 -0.359147
0.072257 -0.385987
0.075398 -0.413242
0.078540 -0.440862
0.081681 -0.468798
0.084823 -0.497001
0.087965 -0.525427
0.091106 -0.554029
0.094248 -0.582767
0.097389 -0.611596
0.100531 -0.640479
0.103673 -0.669376
0.106814 -0.698250
0.109956 -0.727066
0.113097 -0.755788
0.116239 -0.784385
0.119381 -0.812823
0.122522 -0.841072
0.125664 -0.869104
0.128805 -0.896890
0.131947 -0.924404
0.135088 -0.951618
0.138230 -0.978510
0.141372 -1.005055
0.144513 -1.031232
0.147655 -1.057018
0.150796 -1.082394
0.153938 -1.107340
0.157080 -1.131839
0.160221 -1.155872
0.163363 -1.179425
0.166504 -1.202480
0.169646 -1.225025
0.172788 -1.247044
0.175929 -1.268527
0.179071 -1.289460
0.182212 -1.309832
0.185354 -1.329635
0.188496 -1.348857
0.191637 -1.367490
0.194779 -1.385527
0.197920 -1.402960
0.201062 -1.419783
0.204204 -1.435990
0.207345 -1.451575
0.210487 -1.466535
0.213628 -1.480865
0.216770 -1.494562
0.219911 -1.507623
0.223053 -1.520047
0.226195 -1.531832
0.229336 -1.542976
0.232478 -1.553480
0.235619 -1.563343
0.238761 -1.572567
0.241903 -1.581151
0.245044 -1.589098
0.248186 -1.596410
0.251327 -1.603089
0.254469 -1.609138
0.257611 -1.614560
0.260752 -1.619359
0.263894 -1.623539
0.267035 -1.627104
0.270177 -1.630059
0.273319 -1.632409
0.276460 -1.634160
0.279602 -1.635317
0.282743 -1.635887
0.285885 -1.635875
0.289027 -1.635289
0.292168 -1.634135
0.295310 -1.632420
0.298451 -1.630153
0.301593 -1.627339
0.304734 -1.623988
0.307876 -1.620107
0.311018 -1.615705
0.314159 -1.610790
0.317301 -1.605371
0.320442 -1.599457
0.323584 -1.593056
0.326726 -1.586177
0.329867 -1.578831
0.333009 -1.571026
0.336150 -1.562772
0.339292 -1.554079
0.342434 -1.544955
0.345575 -1.535413
0.348717 -1.525460
0.351858 -1.515107
0.355000 -1.504365
0.358142 -1.493244
0.361283 -1.481753
0.364425 -1.469903
0.367566 -1.457705
0.370708 -1.445168
0.373850 -1.432303
0.376991 -1.419121
0.380133 -1.405633
0.383274 -1.391847
0.386416 -1.377776
0.389557 -1.363429
0.392699 -1.348818
0.395841 -1.333951
0.398982 -1.318841
0.402124 -1.303496
0.405265 -1.287929
0.408407 -1.272148
0.411549 -1.256165
0.414690 -1.239989
0.417832 -1.223631
0.420973 -1.207101
0.424115 -1.190409
0.427257 -1.173565
0.430398 -1.156579
0.433540 -1.139461
0.436681 -1.122221
0.439823 -1.104869
0.442965 -1.087414
0.446106 -1.069865
0.449248 -1.052233
0.452389 -1.034527
0.455531 -1.016756
0.458673 -0.998929
0.461814 -0.981055
0.464956 -0.963144
0.468097 -0.945204
0.471239 -0.927244
0.474380 -0.909272
0.477522 -0.891298
0.480664 -0.873329
0.483805 -0.855374
0.486947 -0.837442
0.490088 -0.819539
0.493230 -0.801675
0.496372 -0.783857
0.499513 -0.766092
0.502655 -0.748388
0.505796 -0.730753
0.508938 -0.713193
0.512080 -0.695716
0.515221 -0.678329
0.518363 -0.661039
0.521504 -0.643852
0.524646 -0.626775
0.527788 -0.609814
0.530929 -0.592976
0.534071 -0.576267
0.537212 -0.559692
0.540354 -0.543258
0.543496 -0.526970
0.546637 -0.510834
0.549779 -0.494854
0.552920 -0.479038
0.556062 -0.463388
0.559203 -0.447911
0.562345 -0.432610
0.565487 -0.417492
0.568628 -0.402559
0.571770 -0.387817
0.574911 -0.373270
0.578053 -0.358921
0.581195 -0.344775
0.584336 -0.330835
0.587478 -0.317105
0.590619 -0.303587
0.593761 -0.290287
0.596903 -0.277205
0.600044 -0.264347
0.603186 -0.251713
0.606327 -0.239308
0.609469 -0.227133
0.612611 -0.215191
0.615752 -0.203484
0.618894 -0.192014
0.622035 -0.180783
0.625177 -0.169792
0.628319 -0.159045
0.631460 -0.148541
0.634602 -0.138283
0.637743 -0.128271
0.640885 -0.118507
0.644026 -0.108991
0.647168 -0.099725
0.650310 -0.090709
0.653451 -0.081943
0.656593 -0.073429
0.659734 -0.065165
0.662876 -0.057153
0.666018 -0.049392
0.669159 -0.041883
0.672301 -0.034625
0.675442 -0.027617
0.678584 -0.020859
0.681726 -0.014351
0.684867 -0.008092
0.688009 -0.002081
0.691150 0.003684
0.694292 0.009202
0.697434 0.014476
0.700575 0.019507
0.703717 0.024295
0.706858 0.028843
0.710000 0.033153
0.713142 0.037225
0.716283 0.041063
0.719425 0.044667
0.722566 0.048040
0.725708 0.051184
0.728849 0.054101
0.731991 0.056794
0.735133 0.059265
0.738274 0.061517
0.741416 0.063552
0.744557 0.065373
0.747699 0.066983
0.750841 0.068384
0.753982 0.069580
0.757124 0.070574
0.760265 0.071368
0.763407 0.071966
0.766549 0.072372
0.769690 0.072588
0.772832 0.072618
0.775973 0.072466
0.779115 0.072134
0.782257 0.071628
0.785398 0.070949
0.788540 0.070103
0.791681 0.069093
0.794823 0.067922
0.797965 0.066595
0.801106 0.065115
0.804248 0.063488
0.807389 0.061715
0.810531 0.059803
0.813672 0.057754
0.816814 0.055574
0.819956 0.053266
0.823097 0.050835
0.826239 0.048284
0.829380 0.045619
0.832522 0.042843
0.835664 0.039962
0.838805 0.036979
0.841947 0.033899
0.845088 0.030727
0.848230 0.027467
0.851372 0.024123
0.854513 0.020700
0.857655 0.017203
0.860796 0.013637
0.863938 0.010005
0.867080 0.006313
0.870221 0.002564
0.873363 -0.001235
0.876504 -0.005081
0.879646 -0.008969
0.882788 -0.012894
0.885929 -0.016851
0.889071 -0.020837
0.892212 -0.024846
0.895354 -0.028873
0.898495 -0.032915
0.901637 -0.036966
0.904779 -0.041022
0.907920 -0.045078
0.911062 -0.049129
0.914203 -0.053171
0.917345 -0.057200
0.920487 -0.061210
0.923628 -0.065198
0.926770 -0.069159
0.929911 -0.073088
0.933053 -0.076980
0.936195 -0.080832
0.939336 -0.084639
0.942478 -0.088397
0.945619 -0.092100
0.948761 -0.095746
0.951903 -0.099329
0.955044 -0.102845
0.958186 -0.106291
0.961327 -0.109661
0.964469 -0.112953
0.967611 -0.116160
0.970752 -0.119281
0.973894 -0.122310
0.977035 -0.125244
0.980177 -0.128078
0.983319 -0.130809
0.986460 -0.133433
0.989602 -0.135946
0.992743 -0.138344
0.995885 -0.140625
0.999026 -0.142783
1.002168 -0.144816
1.005310 -0.146719
1.008451 -0.148491
1.011593 -0.150126
1.014734 -0.151622
1.017876 -0.152975
1.021018 -0.154183
1.024159 -0.155241
1.027301 -0.156148
1.030442 -0.156899
1.033584 -0.157492
1.036726 -0.157924
1.039867 -0.158192
1.043009 -0.158294
1.046150 -0.158226
1.049292 -0.157985
1.052434 -0.157570
1.055575 -0.156978
1.058717 -0.156206
1.061858 -0.155252
1.065000 -0.154114
1.068142 -0.152789
1.071283 -0.151275
1.074425 -0.149571
1.077566 -0.147673
1.080708 -0.145581
1.083849 -0.143292
1.086991 -0.140805
1.090133 -0.138118
1.093274 -0.135228
1.096416 -0.132136
1.099557 -0.128838
1.102699 -0.125334
1.105841 -0.121623
1.108982 -0.117703
1.112124 -0.113573
1.115265 -0.109232
1.118407 -0.104678
1.121549 -0.099912
1.124690 -0.094932
1.127832 -0.089737
1.130973 -0.084327
1.134115 -0.078701
1.137257 -0.072859
1.140398 -0.066799
1.143540 -0.060523
1.146681 -0.054029
1.149823 -0.047317
1.152965 -0.040387
1.156106 -0.033239
1.159248 -0.025873
1.162389 -0.018290
1.165531 -0.010489
1.168672 -0.002471
1.171814 0.005764
1.174956 0.014216
1.178097 0.022883
1.181239 0.031766
1.184380 0.040864
1.187522 0.050175
1.190664 0.059700
1.193805 0.069437
1.196947 0.079384
1.200088 0.089542
1.203230 0.099909
1.206372 0.110484
1.209513 0.121264
1.212655 0.132250
1.215796 0.143440
1.218938 0.154831
1.222080 0.166422
1.225221 0.178213
1.228363 0.190200
1.231504 0.202382
1.234646 0.214757
1.237788 0.227324
1.240929 0.240080
1.244071 0.253022
1.247212 0.266149
1.250354 0.279459
1.253495 0.292949
1.256637 0.306617
1.259779 0.320460
1.262920 0.334475
1.266062 0.348661
1.269203 0.363014
1.272345 0.377531
1.275487 0.392211
1.278628 0.407049
1.281770 0.422044
1.284911 0.437191
1.288053 0.452489
1.291195 0.467933
1.294336 0.483521
1.297478 0.499249
1.300619 0.515114
1.303761 0.531113
1.306903 0.547243
1.310044 0.563499
1.313186 0.579879
1.316327 0.596378
1.319469 0.612993
1.322611 0.629721
1.325752 0.646558
1.328894 0.663499
1.332035 0.680542
1.335177 0.697682
1.338318 0.714915
1.341460 0.732237
1.344602 0.749645
1.347743 0.767135
1.350885 0.784701
1.354026 0.802340
1.357168 0.820049
1.360310 0.837822
1.363451 0.855656
1.366593 0.873545
1.369734 0.891487
1.372876 0.909476
1.376018 0.927509
1.379159 0.945580
1.382301 0.963685
1.385442 0.981820
1.388584 0.999981
1.391726 1.018163
1.394867 1.036360
1.398009 1.054570
1.401150 1.072787
1.404292 1.091006
1.407434 1.109223
1.410575 1.127434
1.413717 1.145633
1.416858 1.163816
1.420000 1.181979
1.423141 1.200116
1.426283 1.218223
1.429425 1.236295
1.432566 1.254327
1.435708 1.272316
1.438849 1.290255
1.441991 1.308140
1.445133 1.325968
1.448274 1.343731
1.451416 1.361427
1.454557 1.379050
1.457699 1.396596
1.460841 1.414060
1.463982 1.431436
1.467124 1.448721
1.470265 1.465910
1.473407 1.482998
1.476549 1.499980
1.479690 1.516851
1.482832 1.533608
1.485973 1.550245
1.489115 1.566757
1.492257 1.583141
1.495398 1.599391
1.498540 1.615502
1.501681 1.631472
1.504823 1.647294
1.507964 1.662964
1.511106 1.678479
1.514248 1.693832
1.517389 1.709021
1.520531 1.724041
1.523672 1.738886
1.526814 1.753554
1.529956 1.768040
1.533097 1.782339
1.536239 1.796447
1.539380 1.810360
1.542522 1.824075
1.545664 1.837586
1.548805 1.850890
1.551947 1.863984
1.555088 1.876862
1.558230 1.889521
1.561372 1.901957
1.564513 1.914167
1.567655 1.926147
1.570796 1.937892
1.573938 1.949400
1.577080 1.960667
1.580221 1.971689
1.583363 1.982463
1.586504 1.992985
1.589646 2.003252
1.592787 2.013261
1.595929 2.023009
1.599071 2.032492
1.602212 2.041707
1.605354 2.050652
1.608495 2.059322
1.611637 2.067717
1.614779 2.075832
1.617920 2.083665
1.621062 2.091213
1.624203 2.098473
1.627345 2.105444
1.630487 2.112123
1.633628 2.118506
1.636770 2.124593
1.639911 2.130381
1.643053 2.135867
1.646195 2.141050
1.649336 2.145927
1.652478 2.150498
1.655619 2.154759
1.658761 2.158709
1.661903 2.162347
1.665044 2.165671
1.668186 2.168680
1.671327 2.171372
1.674469 2.173747
1.677610 2.175801
1.680752 2.177536
1.683894 2.178950
1.687035 2.180041
1.690177 2.180809
1.693318 2.181254
1.696460 2.181374
1.699602 2.181170
1.702743 2.180640
1.705885 2.179785
1.709026 2.178604
1.712168 2.177097
1.715310 2.175265
1.718451 2.173106
1.721593 2.170622
1.724734 2.167812
1.727876 2.164677
1.731018 2.161218
1.734159 2.157435
1.737301 2.153329
1.740442 2.148900
1.743584 2.144150
1.746726 2.139079
1.749867 2.133689
1.753009 2.127981
1.756150 2.121956
1.759292 2.115616
1.762433 2.108961
1.765575 2.101995
1.768717 2.094718
1.771858 2.087133
1.775000 2.079241
1.778141 2.071044
1.781283 2.062546
1.784425 2.053747
1.787566 2.044651
1.790708 2.035260
1.793849 2.025576
1.796991 2.015603
1.800133 2.005343
1.803274 1.994800
1.806416 1.983976
1.809557 1.972874
1.812699 1.961498
1.815841 1.949851
1.818982 1.937937
1.822124 1.925760
1.825265 1.913322
1.828407 1.900629
1.831549 1.887683
1.834690 1.874490
1.837832 1.861052
1.840973 1.847375
1.844115 1.833463
1.847256 1.819321
1.850398 1.804952
1.853540 1.790363
1.856681 1.775556
1.859823 1.760539
1.862964 1.745314
1.866106 1.729889
1.869248 1.714267
1.872389 1.698455
1.875531 1.682458
1.878672 1.666281
1.881814 1.649929
1.884956 1.633410
1.888097 1.616728
1.891239 1.599890
1.894380 1.582902
1.897522 1.565769
1.900664 1.548499
1.903805 1.531097
1.906947 1.513571
1.910088 1.495925
1.913230 1.478168
1.916372 1.460306
1.919513 1.442346
1.922655 1.424295
1.925796 1.406159
1.928938 1.387946
1.932079 1.369664
1.935221 1.351319
1.938363 1.332918
1.941504 1.314470
1.944646 1.295982
1.947787 1.277462
1.950929 1.258916
1.954071 1.240354
1.957212 1.221782
1.960354 1.203210
1.963495 1.184644
1.966637 1.166094
1.969779 1.147566
1.972920 1.129071
1.976062 1.110615
1.979203 1.092207
1.982345 1.073856
1.985487 1.055571
1.988628 1.037359
1.991770 1.019230
1.994911 1.001192
1.998053 0.983254
2.001195 0.965426
2.004336 0.947715
2.007478 0.930131
2.010619 0.912683
2.013761 0.895380
2.016902 0.878232
2.020044 0.861246
2.023186 0.844433
2.026327 0.827802
2.029469 0.811362
2.032610 0.795123
2.035752 0.779093
2.038894 0.763283
2.042035 0.747701
2.045177 0.732358
2.048318 0.717262
2.051460 0.702425
2.054602 0.687854
2.057743 0.673559
2.060885 0.659551
2.064026 0.645839
2.067168 0.632432
2.070310 0.619341
2.073451 0.606575
2.076593 0.594143
2.079734 0.582056
2.082876 0.570324
2.086018 0.558955
2.089159 0.547960
2.092301 0.537349
2.095442 0.527130
2.098584 0.517315
2.101725 0.507913
2.104867 0.498933
2.108009 0.490385
2.111150 0.482279
2.114292 0.474625
2.117433 0.467432
2.120575 0.460710
2.123717 0.454469
2.126858 0.448718
2.130000 0.443467
2.133141 0.438725
2.136283 0.434502
2.139425 0.430807
2.142566 0.427650
2.145708 0.425040
2.148849 0.422987
2.151991 0.421500
2.155133 0.420587
2.158274 0.420259
2.161416 0.420525
2.164557 0.421393
2.167699 0.422873
2.170841 0.424973
2.173982 0.427703
2.177124 0.431071
2.180265 0.435086
2.183407 0.439757
2.186548 0.445092
2.189690 0.451100
2.192832 0.457790
2.195973 0.465170
2.199115 0.473247
2.202256 0.482031
2.205398 0.491529
2.208540 0.501749
2.211681 0.512700
2.214823 0.524389
2.217964 0.536824
2.221106 0.550012
2.224248 0.563960
2.227389 0.578677
2.230531 0.594170
2.233672 0.610445
2.236814 0.627509
2.239956 0.645371
2.243097 0.664035
2.246239 0.683509
2.249380 0.703800
2.252522 0.724913
2.255664 0.746856
2.258805 0.769633
2.261947 0.793251
2.265088 0.817717
2.268230 0.843034
2.271371 0.869210
2.274513 0.896248
2.277655 0.924155
2.280796 0.952936
2.283938 0.982595
2.287079 1.013136
2.290221 1.044566
2.293363 1.076887
2.296504 1.110103
2.299646 1.144220
2.302787 1.179241
2.305929 1.215169
2.309071 1.252008
2.312212 1.289761
2.315354 1.328431
2.318495 1.368021
2.321637 1.408534
2.324779 1.449972
2.327920 1.492338
2.331062 1.535633
2.334203 1.579859
2.337345 1.625019
2.340487 1.671112
2.343628 1.718142
2.346770 1.766108
2.349911 1.815012
2.353053 1.864854
2.356194 1.915635
2.359336 1.967354
2.362478 2.020012
2.365619 2.073607
2.368761 2.128141
2.371902 2.183611
2.375044 2.240017
2.378186 2.297358
2.381327 2.355632
2.384469 2.414837
2.387610 2.474971
2.390752 2.536033
2.393894 2.598019
2.397035 2.660927
2.400177 2.724754
2.403318 2.789496
2.406460 2.855151
2.409602 2.921714
2.412743 2.989182
2.415885 3.057550
2.419026 3.126813
2.422168 3.196968
2.425310 3.268008
2.428451 3.339928
2.431593 3.412724
2.434734 3.486389
2.437876 3.560917
2.441017 3.636301
2.444159 3.712535
2.447301 3.789613
2.450442 3.867526
2.453584 3.946267
2.456725 4.025829
2.459867 4.106204
2.463009 4.187383
2.466150 4.269358
2.469292 4.352119
2.472433 4.435658
2.475575 4.519966
2.478717 4.605032
2.481858 4.690846
2.485000 4.777400
2.488141 4.864681
2.491283 4.952679
2.494425 5.041383
2.497566 5.130782
2.500708 5.220864
2.503849 5.311616
2.506991 5.403028
2.510133 5.495086
2.513274 5.587778
2.516416 5.681091
2.519557 5.775011
2.522699 5.869525
2.525840 5.964618
2.528982 6.060278
2.532124 6.156489
2.535265 6.253237
2.538407 6.350506
2.541548 6.448283
2.544690 6.546550
2.547832 6.645293
2.550973 6.744495
2.554115 6.844141
2.557256 6.944213
2.560398 7.044696
2.563540 7.145571
2.566681 7.246822
2.569823 7.348431
2.572964 7.450381
2.576106 7.552653
2.579248 7.655229
2.582389 7.758090
2.585531 7.861219
2.588672 7.964595
2.591814 8.068201
2.594956 8.172015
2.598097 8.276020
2.601239 8.380194
2.604380 8.484518
2.607522 8.588971
2.610663 8.693534
2.613805 8.798184
2.616947 8.902903
2.620088 9.007667
2.623230 9.112457
2.626371 9.217250
2.629513 9.322025
2.632655 9.426760
2.635796 9.531433
2.638938 9.636023
2.642079 9.740506
2.645221 9.844860
2.648363 9.949063
2.651504 10.053092
2.654646 10.156924
2.657787 10.260536
2.660929 10.363905
2.664071 10.467007
2.667212 10.569820
2.670354 10.672320
2.673495 10.774482
2.676637 10.876285
2.679779 10.977703
2.682920 11.078714
2.686062 11.179293
2.689203 11.279416
2.692345 11.379060
2.695486 11.478200
2.698628 11.576813
2.701770 11.674874
2.704911 11.772359
2.708053 11.869245
2.711194 11.965507
2.714336 12.061121
2.717478 12.156063
2.720619 12.250310
2.723761 12.343837
2.726902 12.436621
2.730044 12.528637
2.733186 12.619862
2.736327 12.710273
2.739469 12.799845
2.742610 12.888556
2.745752 12.976382
2.748894 13.063301
2.752035 13.149288
2.755177 13.234321
2.758318 13.318378
2.761460 13.401436
2.764602 13.483473
2.767743 13.564467
2.770885 13.644395
2.774026 13.723238
2.777168 13.800972
2.780309 13.877577
2.783451 13.953032
2.786593 14.027317
2.789734 14.100412
2.792876 14.172297
2.796017 14.242952
2.799159 14.312359
2.802301 14.380497
2.805442 14.447351
2.808584 14.512900
2.811725 14.577129
2.814867 14.640019
2.818009 14.701554
2.821150 14.761719
2.824292 14.820497
2.827433 14.877874
2.830575 14.933835
2.833717 14.988365
2.836858 15.041453
2.840000 15.093084
2.843141 15.143248
2.846283 15.191931
2.849425 15.239124
2.852566 15.284816
2.855708 15.328997
2.858849 15.371660
2.861991 15.412795
2.865133 15.452397
2.868274 15.490457
2.871416 15.526971
2.874557 15.561934
2.877699 15.595341
2.880840 15.627190
2.883982 15.657479
2.887124 15.686207
2.890265 15.713372
2.893407 15.738976
2.896548 15.763021
2.899690 15.785509
2.902832 15.806444
2.905973 15.825832
2.909115 15.843677
2.912256 15.859988
2.915398 15.874772
2.918540 15.888039
2.921681 15.899801
2.924823 15.910068
2.927964 15.918855
2.931106 15.926175
2.934248 15.932046
2.937389 15.936483
2.940531 15.939507
2.943672 15.941136
2.946814 15.941394
2.949956 15.940302
2.953097 15.937886
2.956239 15.934173
2.959380 15.929189
2.962522 15.922964
2.965663 15.915530
2.968805 15.906919
2.971947 15.897166
2.975088 15.886308
2.978230 15.874383
2.981371 15.861430
2.984513 15.847491
2.987655 15.832612
2.990796 15.816836
2.993938 15.800213
2.997079 15.782792
3.000221 15.764624
3.003363 15.745765
3.006504 15.726270
3.009646 15.706197
3.012787 15.685608
3.015929 15.664564
3.019071 15.643132
3.022212 15.621379
3.025354 15.599375
3.028495 15.577193
3.031637 15.554906
3.034779 15.532594
3.037920 15.510335
3.041062 15.488213
3.044203 15.466313
3.047345 15.444723
3.050486 15.423533
3.053628 15.402838
3.056770 15.382735
3.059911 15.363321
3.063053 15.344701
3.066194 15.326978
3.069336 15.310263
3.072478 15.294666
3.075619 15.280301
3.078761 15.267288
3.081902 15.255747
3.085044 15.245803
3.088186 15.237583
3.091327 15.231220
3.094469 15.226847
3.097610 15.224603
3.100752 15.224631
3.103894 15.227075
3.107035 15.232085
3.110177 15.239814
3.113318 15.250419
3.116460 15.264061
3.119602 15.280905
3.122743 15.301118
3.125885 15.324874
3.129026 15.352350
3.132168 15.383727
3.135309 15.419191
3.138451 15.458930
3.141593 15.503138
