0.000000 0.000000
0.003142 -0.012922
0.006283 -0.049523
0.009425 -0.106738
0.012566 -0.181735
0.015708 -0.271901
0.018850 -0.374830
0.021991 -0.488312
0.025133 -0.610319
0.028274 -0.738997
0.031416 -0.872655
0.034558 -1.009752
0.037699 -1.148894
0.040841 -1.288820
0.043982 -1.428393
0.047124 -1.566596
0.050265 -1.702522
0.053407 -1.835365
0.056549 -1.964417
0.059690 -2.089057
0.062832 -2.208749
0.065973 -2.323032
0.069115 -2.431519
0.072257 -2.533886
0.075398 -2.629871
0.078540 -2.719270
0.081681 -2.801929
0.084823 -2.877740
0.087965 -2.946642
0.091106 -3.008611
0.094248 -3.063659
0.097389 -3.111831
0.100531 -3.153203
0.103673 -3.187875
0.106814 -3.215973
0.109956 -3.237641
0.113097 -3.253045
0.116239 -3.262366
0.119381 -3.265797
0.122522 -3.263548
0.125664 -3.255834
0.128805 -3.242882
0.131947 -3.224926
0.135088 -3.202202
0.138230 -3.174954
0.141372 -3.143427
0.144513 -3.107867
0.147655 -3.068523
0.150796 -3.025640
0.153938 -2.979465
0.157080 -2.930240
0.160221 -2.878207
0.163363 -2.823601
0.166504 -2.766656
0.169646 -2.707598
0.172788 -2.646651
0.175929 -2.584031
0.179071 -2.519949
0.182212 -2.454608
0.185354 -2.388208
0.188496 -2.320938
0.191637 -2.252981
0.194779 -2.184515
0.197920 -2.115708
0.201062 -2.046722
0.204204 -1.977711
0.207345 -1.908820
0.210487 -1.840189
0.213628 -1.771949
0.216770 -1.704224
0.219911 -1.637130
0.223053 -1.570776
0.226195 -1.505265
0.229336 -1.440690
0.232478 -1.377140
0.235619 -1.314694
0.238761 -1.253428
0.241903 -1.193409
0.245044 -1.134699
0.248186 -1.077351
0.251327 -1.021416
0.254469 -0.966936
0.257611 -0.913950
0.260752 -0.862489
0.263894 -0.812580
0.267035 -0.764246
0.270177 -0.717504
0.273319 -0.672367
0.276460 -0.628842
0.279602 -0.586935
0.282743 -0.546645
0.285885 -0.507969
0.289027 -0.470899
0.292168 -0.435426
0.295310 -0.401536
0.298451 -0.369212
0.301593 -0.338435
0.304734 -0.309183
0.307876 -0.281432
0.311018 -0.255157
0.314159 -0.230327
0.317301 -0.206913
0.320442 -0.184884
0.323584 -0.164205
0.326726 -0.144842
0.329867 -0.126758
0.333009 -0.109917
0.336150 -0.094281
0.339292 -0.079811
0.342434 -0.066466
0.345575 -0.054208
0.348717 -0.042996
0.351858 -0.032789
0.355000 -0.023546
0.358142 -0.015226
0.361283 -0.007788
0.364425 -0.001192
0.367566 0.004603
0.370708 0.009638
0.373850 0.013953
0.376991 0.017586
0.380133 0.020578
0.383274 0.022966
0.386416 0.024789
0.389557 0.026084
0.392699 0.026886
0.395841 0.027231
0.398982 0.027155
0.402124 0.026691
0.405265 0.025872
0.408407 0.024730
0.411549 0.023296
0.414690 0.021600
0.417832 0.019672
0.420973 0.017538
0.424115 0.015227
0.427257 0.012764
0.430398 0.010173
0.433540 0.007479
0.436681 0.004704
0.439823 0.001871
0.442965 -0.001002
0.446106 -0.003894
0.449248 -0.006786
0.452389 -0.009663
0.455531 -0.012506
0.458673 -0.015301
0.461814 -0.018034
0.464956 -0.020692
0.468097 -0.023262
0.471239 -0.025733
0.474380 -0.028095
0.477522 -0.030338
0.480664 -0.032454
0.483805 -0.034436
0.486947 -0.036276
0.490088 -0.037968
0.493230 -0.039509
0.496372 -0.040892
0.499513 -0.042116
0.502655 -0.043176
0.505796 -0.044071
0.508938 -0.044800
0.512080 -0.045361
0.515221 -0.045754
0.518363 -0.045981
0.521504 -0.046041
0.524646 -0.045937
0.527788 -0.045670
0.530929 -0.045242
0.534071 -0.044658
0.537212 -0.043920
0.540354 -0.043032
0.543496 -0.041998
0.546637 -0.040822
0.549779 -0.039509
0.552920 -0.038065
0.556062 -0.036495
0.559203 -0.034804
0.562345 -0.032998
0.565487 -0.031083
0.568628 -0.029065
0.571770 -0.026950
0.574911 -0.024745
0.578053 -0.022456
0.581195 -0.020090
0.584336 -0.017653
0.587478 -0.015152
0.590619 -0.012594
0.593761 -0.009985
0.596903 -0.007332
0.600044 -0.004641
0.603186 -0.001919
0.606327 0.000827
0.609469 0.003591
0.612611 0.006367
0.615752 0.009149
0.618894 0.011930
0.622035 0.014705
0.625177 0.017467
0.628319 0.020212
0.631460 0.022934
0.634602 0.025628
0.637743 0.028287
0.640885 0.030909
0.644026 0.033487
0.647168 0.036017
0.650310 0.038495
0.653451 0.040918
0.656593 0.043280
0.659734 0.045578
0.662876 0.047810
0.666018 0.049971
0.669159 0.052059
0.672301 0.054071
0.675442 0.056005
0.678584 0.057858
0.681726 0.059628
0.684867 0.061314
0.688009 0.062914
0.691150 0.064426
0.694292 0.065850
0.697434 0.067184
0.700575 0.068428
0.703717 0.069582
0.706858 0.070645
0.710000 0.071617
0.713142 0.072498
0.716283 0.073290
0.719425 0.073992
0.722566 0.074605
0.725708 0.075130
0.728849 0.075569
0.731991 0.075922
0.735133 0.076192
0.738274 0.076379
0.741416 0.076487
0.744557 0.076516
0.747699 0.076470
0.750841 0.076350
0.753982 0.076158
0.757124 0.075898
0.760265 0.075572
0.763407 0.075183
0.766549 0.074734
0.769690 0.074227
0.772832 0.073667
0.775973 0.073055
0.779115 0.072396
0.782257 0.071693
0.785398 0.070949
0.788540 0.070168
0.791681 0.069354
0.794823 0.068509
0.797965 0.067638
0.801106 0.066745
0.804248 0.065832
0.807389 0.064904
0.810531 0.063965
0.813672 0.063018
0.816814 0.062067
0.819956 0.061116
0.823097 0.060169
0.826239 0.059229
0.829380 0.058300
0.832522 0.057387
0.835664 0.056492
0.838805 0.055619
0.841947 0.054772
0.845088 0.053955
0.848230 0.053171
0.851372 0.052423
0.854513 0.051716
0.857655 0.051052
0.860796 0.050435
0.863938 0.049868
0.867080 0.049354
0.870221 0.048897
0.873363 0.048499
0.876504 0.048164
0.879646 0.047894
0.882788 0.047693
0.885929 0.047563
0.889071 0.047506
0.892212 0.047526
0.895354 0.047625
0.898495 0.047804
0.901637 0.048068
0.904779 0.048417
0.907920 0.048855
0.911062 0.049382
0.914203 0.050002
0.917345 0.050715
0.920487 0.051525
0.923628 0.052431
0.926770 0.053437
0.929911 0.054543
0.933053 0.055752
0.936195 0.057063
0.939336 0.058479
0.942478 0.060001
0.945619 0.061630
0.948761 0.063366
0.951903 0.065211
0.955044 0.067166
0.958186 0.069230
0.961327 0.071405
0.964469 0.073692
0.967611 0.076091
0.970752 0.078602
0.973894 0.081225
0.977035 0.083962
0.980177 0.086811
0.983319 0.089773
0.986460 0.092849
0.989602 0.096038
0.992743 0.099340
0.995885 0.102755
0.999026 0.106283
1.002168 0.109923
1.005310 0.113675
1.008451 0.117539
1.011593 0.121515
1.014734 0.125601
1.017876 0.129798
1.021018 0.134105
1.024159 0.138522
1.027301 0.143046
1.030442 0.147679
1.033584 0.152420
1.036726 0.157267
1.039867 0.162219
1.043009 0.167277
1.046150 0.172439
1.049292 0.177705
1.052434 0.183073
1.055575 0.188543
1.058717 0.194114
1.061858 0.199785
1.065000 0.205555
1.068142 0.211423
1.071283 0.217389
1.074425 0.223451
1.077566 0.229608
1.080708 0.235860
1.083849 0.242205
1.086991 0.248643
1.090133 0.255173
1.093274 0.261794
1.096416 0.268504
1.099557 0.275304
1.102699 0.282192
1.105841 0.289167
1.108982 0.296228
1.112124 0.303375
1.115265 0.310606
1.118407 0.317921
1.121549 0.325320
1.124690 0.332800
1.127832 0.340362
1.130973 0.348005
1.134115 0.355727
1.137257 0.363529
1.140398 0.371409
1.143540 0.379367
1.146681 0.387402
1.149823 0.395513
1.152965 0.403701
1.156106 0.411963
1.159248 0.420300
1.162389 0.428711
1.165531 0.437195
1.168672 0.445753
1.171814 0.454382
1.174956 0.463084
1.178097 0.471857
1.181239 0.480701
1.184380 0.489615
1.187522 0.498600
1.190664 0.507654
1.193805 0.516777
1.196947 0.525969
1.200088 0.535230
1.203230 0.544559
1.206372 0.553956
1.209513 0.563420
1.212655 0.572951
1.215796 0.582549
1.218938 0.592213
1.222080 0.601944
1.225221 0.611741
1.228363 0.621603
1.231504 0.631531
1.234646 0.641524
1.237788 0.651582
1.240929 0.661704
1.244071 0.671890
1.247212 0.682141
1.250354 0.692455
1.253495 0.702833
1.256637 0.713274
1.259779 0.723778
1.262920 0.734344
1.266062 0.744973
1.269203 0.755664
1.272345 0.766417
1.275487 0.777230
1.278628 0.788105
1.281770 0.799041
1.284911 0.810037
1.288053 0.821093
1.291195 0.832208
1.294336 0.843382
1.297478 0.854615
1.300619 0.865907
1.303761 0.877255
1.306903 0.888662
1.310044 0.900124
1.313186 0.911643
1.316327 0.923218
1.319469 0.934847
1.322611 0.946531
1.325752 0.958269
1.328894 0.970059
1.332035 0.981902
1.335177 0.993796
1.338318 1.005742
1.341460 1.017737
1.344602 1.029781
1.347743 1.041874
1.350885 1.054015
1.354026 1.066201
1.357168 1.078434
1.360310 1.090711
1.363451 1.103032
1.366593 1.115395
1.369734 1.127800
1.372876 1.140246
1.376018 1.152730
1.379159 1.165253
1.382301 1.177813
1.385442 1.190408
1.388584 1.203038
1.391726 1.215701
1.394867 1.228396
1.398009 1.241121
1.401150 1.253875
1.404292 1.266657
1.407434 1.279465
1.410575 1.292297
1.413717 1.305153
1.416858 1.318031
1.420000 1.330928
1.423141 1.343845
1.426283 1.356778
1.429425 1.369726
1.432566 1.382687
1.435708 1.395661
1.438849 1.408645
1.441991 1.421637
1.445133 1.434635
1.448274 1.447639
1.451416 1.460646
1.454557 1.473653
1.457699 1.486660
1.460841 1.499665
1.463982 1.512665
1.467124 1.525659
1.470265 1.538644
1.473407 1.551620
1.476549 1.564583
1.479690 1.577532
1.482832 1.590465
1.485973 1.603380
1.489115 1.616275
1.492257 1.629149
1.495398 1.641998
1.498540 1.654821
1.501681 1.667616
1.504823 1.680381
1.507964 1.693113
1.511106 1.705812
1.514248 1.718474
1.517389 1.731099
1.520531 1.743683
1.523672 1.756224
1.526814 1.768721
1.529956 1.781172
1.533097 1.793575
1.536239 1.805927
1.539380 1.818226
1.542522 1.830471
1.545664 1.842660
1.548805 1.854790
1.551947 1.866859
1.555088 1.878866
1.558230 1.890808
1.561372 1.902684
1.564513 1.914491
1.567655 1.926228
1.570796 1.937892
1.573938 1.949482
1.577080 1.960996
1.580221 1.972431
1.583363 1.983786
1.586504 1.995058
1.589646 2.006247
1.592787 2.017350
1.595929 2.028365
1.599071 2.039290
1.602212 2.050123
1.605354 2.060863
1.608495 2.071508
1.611637 2.082056
1.614779 2.092504
1.617920 2.102852
1.621062 2.113097
1.624203 2.123238
1.627345 2.133272
1.630487 2.143198
1.633628 2.153015
1.636770 2.162719
1.639911 2.172311
1.643053 2.181787
1.646195 2.191146
1.649336 2.200386
1.652478 2.209506
1.655619 2.218503
1.658761 2.227377
1.661903 2.236124
1.665044 2.244744
1.668186 2.253235
1.671327 2.261594
1.674469 2.269820
1.677610 2.277912
1.680752 2.285867
1.683894 2.293684
1.687035 2.301361
1.690177 2.308896
1.693318 2.316287
1.696460 2.323533
1.699602 2.330632
1.702743 2.337581
1.705885 2.344379
1.709026 2.351024
1.712168 2.357514
1.715310 2.363848
1.718451 2.370023
1.721593 2.376037
1.724734 2.381889
1.727876 2.387576
1.731018 2.393097
1.734159 2.398450
1.737301 2.403632
1.740442 2.408641
1.743584 2.413476
1.746726 2.418134
1.749867 2.422614
1.753009 2.426913
1.756150 2.431028
1.759292 2.434959
1.762433 2.438702
1.765575 2.442255
1.768717 2.445617
1.771858 2.448785
1.775000 2.451756
1.778141 2.454529
1.781283 2.457101
1.784425 2.459470
1.787566 2.461633
1.790708 2.463588
1.793849 2.465333
1.796991 2.466865
1.800133 2.468182
1.803274 2.469282
1.806416 2.470162
1.809557 2.470819
1.812699 2.471252
1.815841 2.471457
1.818982 2.471432
1.822124 2.471176
1.825265 2.470684
1.828407 2.469955
1.831549 2.468987
1.834690 2.467777
1.837832 2.466322
1.840973 2.464620
1.844115 2.462669
1.847256 2.460466
1.850398 2.458009
1.853540 2.455295
1.856681 2.452323
1.859823 2.449089
1.862964 2.445592
1.866106 2.441829
1.869248 2.437798
1.872389 2.433497
1.875531 2.428924
1.878672 2.424077
1.881814 2.418954
1.884956 2.413553
1.888097 2.407872
1.891239 2.401909
1.894380 2.395663
1.897522 2.389132
1.900664 2.382315
1.903805 2.375210
1.906947 2.367815
1.910088 2.360131
1.913230 2.352154
1.916372 2.343886
1.919513 2.335324
1.922655 2.326468
1.925796 2.317317
1.928938 2.307871
1.932079 2.298130
1.935221 2.288093
1.938363 2.277761
1.941504 2.267133
1.944646 2.256210
1.947787 2.244993
1.950929 2.233482
1.954071 2.221679
1.957212 2.209583
1.960354 2.197198
1.963495 2.184523
1.966637 2.171562
1.969779 2.158315
1.972920 2.144786
1.976062 2.130976
1.979203 2.116888
1.982345 2.102526
1.985487 2.087893
1.988628 2.072991
1.991770 2.057825
1.994911 2.042399
1.998053 2.026717
2.001195 2.010784
2.004336 1.994605
2.007478 1.978185
2.010619 1.961529
2.013761 1.944643
2.016902 1.927534
2.020044 1.910208
2.023186 1.892671
2.026327 1.874932
2.029469 1.856997
2.032610 1.838874
2.035752 1.820572
2.038894 1.802099
2.042035 1.783464
2.045177 1.764675
2.048318 1.745744
2.051460 1.726680
2.054602 1.707492
2.057743 1.688193
2.060885 1.668792
2.064026 1.649302
2.067168 1.629734
2.070310 1.610101
2.073451 1.590415
2.076593 1.570689
2.079734 1.550936
2.082876 1.531171
2.086018 1.511407
2.089159 1.491659
2.092301 1.471941
2.095442 1.452270
2.098584 1.432659
2.101725 1.413127
2.104867 1.393688
2.108009 1.374359
2.111150 1.355158
2.114292 1.336102
2.117433 1.317208
2.120575 1.298495
2.123717 1.279981
2.126858 1.261685
2.130000 1.243626
2.133141 1.225822
2.136283 1.208295
2.139425 1.191063
2.142566 1.174147
2.145708 1.157567
2.148849 1.141344
2.151991 1.125500
2.155133 1.110054
2.158274 1.095029
2.161416 1.080447
2.164557 1.066328
2.167699 1.052696
2.170841 1.039572
2.173982 1.026979
2.177124 1.014939
2.180265 1.003474
2.183407 0.992608
2.186548 0.982363
2.189690 0.972762
2.192832 0.963828
2.195973 0.955584
2.199115 0.948052
2.202256 0.941256
2.205398 0.935219
2.208540 0.929962
2.211681 0.925510
2.214823 0.921885
2.217964 0.919109
2.221106 0.917204
2.224248 0.916194
2.227389 0.916099
2.230531 0.916942
2.233672 0.918745
2.236814 0.921528
2.239956 0.925312
2.243097 0.930120
2.246239 0.935970
2.249380 0.942882
2.252522 0.950878
2.255664 0.959974
2.258805 0.970192
2.261947 0.981548
2.265088 0.994060
2.268230 1.007747
2.271371 1.022623
2.274513 1.038707
2.277655 1.056012
2.280796 1.074555
2.283938 1.094349
2.287079 1.115407
2.290221 1.137743
2.293363 1.161369
2.296504 1.186296
2.299646 1.212534
2.302787 1.240094
2.305929 1.268983
2.309071 1.299211
2.312212 1.330783
2.315354 1.363707
2.318495 1.397987
2.321637 1.433627
2.324779 1.470632
2.327920 1.509002
2.331062 1.548740
2.334203 1.589844
2.337345 1.632315
2.340487 1.676150
2.343628 1.721346
2.346770 1.767899
2.349911 1.815802
2.353053 1.865050
2.356194 1.915635
2.359336 1.967547
2.362478 2.020776
2.365619 2.075310
2.368761 2.131138
2.371902 2.188244
2.375044 2.246614
2.378186 2.306231
2.381327 2.367077
2.384469 2.429133
2.387610 2.492379
2.390752 2.556793
2.393894 2.622352
2.397035 2.689032
2.400177 2.756808
2.403318 2.825653
2.406460 2.895539
2.409602 2.966437
2.412743 3.038316
2.415885 3.111145
2.419026 3.184891
2.422168 3.259519
2.425310 3.334995
2.428451 3.411282
2.431593 3.488343
2.434734 3.566138
2.437876 3.644630
2.441017 3.723775
2.444159 3.803534
2.447301 3.883863
2.450442 3.964719
2.453584 4.046056
2.456725 4.127830
2.459867 4.209995
2.463009 4.292503
2.466150 4.375307
2.469292 4.458359
2.472433 4.541608
2.475575 4.625007
2.478717 4.708504
2.481858 4.792049
2.485000 4.875592
2.488141 4.959081
2.491283 5.042465
2.494425 5.125692
2.497566 5.208710
2.500708 5.291467
2.503849 5.373912
2.506991 5.455994
2.510133 5.537660
2.513274 5.618860
2.516416 5.699543
2.519557 5.779658
2.522699 5.859156
2.525840 5.937987
2.528982 6.016104
2.532124 6.093458
2.535265 6.170004
2.538407 6.245695
2.541548 6.320486
2.544690 6.394336
2.547832 6.467200
2.550973 6.539040
2.554115 6.609816
2.557256 6.679490
2.560398 6.748027
2.563540 6.815394
2.566681 6.881557
2.569823 6.946488
2.572964 7.010160
2.576106 7.072545
2.579248 7.133623
2.582389 7.193371
2.585531 7.251773
2.588672 7.308814
2.591814 7.364480
2.594956 7.418764
2.598097 7.471657
2.601239 7.523159
2.604380 7.573267
2.607522 7.621987
2.610663 7.669324
2.613805 7.715290
2.616947 7.759898
2.620088 7.803166
2.623230 7.845116
2.626371 7.885774
2.629513 7.925168
2.632655 7.963333
2.635796 8.000307
2.638938 8.036131
2.642079 8.070852
2.645221 8.104520
2.648363 8.137190
2.651504 8.168922
2.654646 8.199781
2.657787 8.229833
2.660929 8.259154
2.664071 8.287819
2.667212 8.315913
2.670354 8.343521
2.673495 8.370735
2.676637 8.397652
2.679779 8.424373
2.682920 8.451002
2.686062 8.477651
2.689203 8.504433
2.692345 8.531469
2.695486 8.558881
2.698628 8.586798
2.701770 8.615351
2.704911 8.644678
2.708053 8.674918
2.711194 8.706217
2.714336 8.738722
2.717478 8.772587
2.720619 8.807966
2.723761 8.845019
2.726902 8.883909
2.730044 8.924800
2.733186 8.967862
2.736327 9.013264
2.739469 9.061181
2.742610 9.111789
2.745752 9.165263
2.748894 9.221785
2.752035 9.281534
2.755177 9.344691
2.758318 9.411439
2.761460 9.481961
2.764602 9.556439
2.767743 9.635056
2.770885 9.717993
2.774026 9.805430
2.777168 9.897547
2.780309 9.994521
2.783451 10.096526
2.786593 10.203733
2.789734 10.316312
2.792876 10.434427
2.796017 10.558238
2.799159 10.687901
2.802301 10.823564
2.805442 10.965373
2.808584 11.113464
2.811725 11.267968
2.814867 11.429007
2.818009 11.596696
2.821150 11.771140
2.824292 11.952434
2.827433 12.140664
2.830575 12.335905
2.833717 12.538219
2.836858 12.747658
2.840000 12.964259
2.843141 13.188048
2.846283 13.419033
2.849425 13.657211
2.852566 13.902560
2.855708 14.155045
2.858849 14.414611
2.861991 14.681188
2.865133 14.954684
2.868274 15.234991
2.871416 15.521981
2.874557 15.815504
2.877699 16.115391
2.880840 16.421449
2.883982 16.733463
2.887124 17.051198
2.890265 17.374393
2.893407 17.702763
2.896548 18.035998
2.899690 18.373765
2.902832 18.715705
2.905973 19.061432
2.909115 19.410533
2.912256 19.762572
2.915398 20.117083
2.918540 20.473573
2.921681 20.831525
2.924823 21.190390
2.927964 21.549597
2.931106 21.908543
2.934248 22.266602
2.937389 22.623118
2.940531 22.977410
2.943672 23.328772
2.946814 23.676470
2.949956 24.019749
2.953097 24.357825
2.956239 24.689896
2.959380 25.015133
2.962522 25.332692
2.965663 25.641703
2.968805 25.941283
2.971947 26.230531
2.975088 26.508530
2.978230 26.774354
2.981371 27.027064
2.984513 27.265714
2.987655 27.489354
2.990796 27.697032
2.993938 27.887795
2.997079 28.060697
3.000221 28.214800
3.003363 28.349178
3.006504 28.462922
3.009646 28.555142
3.012787 28.624979
3.015929 28.671601
3.019071 28.694216
3.022212 28.692074
3.025354 28.664475
3.028495 28.610777
3.031637 28.530400
3.034779 28.422836
3.037920 28.287658
3.041062 28.124527
3.044203 27.933202
3.047345 27.713549
3.050486 27.465554
3.053628 27.189329
3.056770 26.885129
3.059911 26.553359
3.063053 26.194593
3.066194 25.809580
3.069336 25.399266
3.072478 24.964802
3.075619 24.507564
3.078761 24.029168
3.081902 23.531490
3.085044 23.016678
3.088186 22.487179
3.091327 21.945752
3.094469 21.395495
3.097610 20.839862
3.100752 20.282690
3.103894 19.728220
3.107035 19.181125
3.110177 18.646535
3.113318 18.130065
3.116460 17.637842
3.119602 17.176540
3.122743 16.753406
3.125885 16.376297
3.129026 16.053712
3.132168 15.794828
3.135309 15.609540
3.138451 15.508495
3.141593 15.503138
