# t	Численное	Точное
0.000000	1.0000000000	1.0000000000
0.006250	0.8559570312	0.8553453273
0.012500	0.7334671021	0.7316156289
0.018750	0.6284323931	0.6257840096
0.025000	0.5384456683	0.5352614285
0.031250	0.4613437455	0.4578333618
0.037500	0.3952823730	0.3916056267
0.043750	0.3386805469	0.3349580429
0.050000	0.2901837291	0.2865047969
0.056250	0.2486313353	0.2450605392
0.062500	0.2130289700	0.2096113872
0.068750	0.1825246282	0.1792901206
0.075000	0.1563883067	0.1533549668
0.081250	0.1339945339	0.1311714543
0.087500	0.1148074015	0.1121968905
0.093750	0.0983677397	0.0959670860
0.100000	0.0842821290	0.0820849986
0.106250	0.0722134847	0.0702110200
0.112500	0.0618729905	0.0600546679
0.118750	0.0530131869	0.0513674796
0.125000	0.0454220486	0.0439369336
0.131250	0.0389179112	0.0375812509
0.137500	0.0333451233	0.0321449473
0.143750	0.0285703218	0.0274950305
0.150000	0.0244792404	0.0235177459
0.156250	0.0209739748	0.0201157940
0.162500	0.0179706401	0.0172059504
0.168750	0.0153973631	0.0147170293
0.175000	0.0131925624	0.0125881422
0.181250	0.0113034746	0.0107672086
0.187500	0.0096848917	0.0092096816
0.193750	0.0082980791	0.0078774581
0.200000	0.0071098490	0.0067379470
0.206250	0.0060917656	0.0057632715
0.212500	0.0052194650	0.0049295873
0.218750	0.0044720721	0.0042164995
0.225000	0.0038317009	0.0036065631
0.231250	0.0032830266	0.0030848569
0.237500	0.0028129189	0.0026386180
0.243750	0.0024101275	0.0022569295
0.250000	0.0020650131	0.0019304541
0.256250	0.0017693169	0.0016512049
0.262500	0.0015159624	0.0014123504
0.268750	0.0012988866	0.0012080473
0.275000	0.0011128946	0.0010332976
0.281250	0.0009535354	0.0008838263
0.287500	0.0008169955	0.0007559767
0.293750	0.0007000071	0.0006466211
0.300000	0.0005997707	0.0005530844
0.306250	0.0005138875	0.0004730781
0.312500	0.0004403022	0.0004046452
0.318750	0.0003772538	0.0003461114
0.325000	0.0003232336	0.0002960447
0.331250	0.0002769487	0.0002532205
0.337500	0.0002372914	0.0002165910
0.343750	0.0002033129	0.0001852601
0.350000	0.0001741998	0.0001584613
0.356250	0.0001492556	0.0001355392
0.362500	0.0001278831	0.0001159328
0.368750	0.0001095711	0.0000991626
0.375000	0.0000938813	0.0000848182
0.381250	0.0000804381	0.0000725489
0.387500	0.0000689199	0.0000620543
0.393750	0.0000590510	0.0000530779
0.400000	0.0000505953	0.0000453999
0.406250	0.0000433504	0.0000388326
0.412500	0.0000371429	0.0000332153
0.418750	0.0000318243	0.0000284106
0.425000	0.0000272673	0.0000243008
0.431250	0.0000233628	0.0000207856
0.437500	0.0000200174	0.0000177789
0.443750	0.0000171510	0.0000152071
0.450000	0.0000146951	0.0000130073
0.456250	0.0000125909	0.0000111257
0.462500	0.0000107879	0.0000095163
0.468750	0.0000092432	0.0000081398
0.475000	0.0000079196	0.0000069623
0.481250	0.0000067856	0.0000059552
0.487500	0.0000058139	0.0000050937
0.493750	0.0000049814	0.0000043569
0.500000	0.0000042681	0.0000037267
0.506250	0.0000036569	0.0000031876
0.512500	0.0000031333	0.0000027265
0.518750	0.0000026846	0.0000023321
0.525000	0.0000023002	0.0000019947
0.531250	0.0000019708	0.0000017062
0.537500	0.0000016886	0.0000014594
0.543750	0.0000014468	0.0000012483
0.550000	0.0000012396	0.0000010677
0.556250	0.0000010621	0.0000009133
0.562500	0.0000009100	0.0000007811
0.568750	0.0000007797	0.0000006682
0.575000	0.0000006681	0.0000005715
0.581250	0.0000005724	0.0000004888
0.587500	0.0000004904	0.0000004181
0.593750	0.0000004202	0.0000003576
0.600000	0.0000003600	0.0000003059
0.606250	0.0000003085	0.0000002617
0.612500	0.0000002643	0.0000002238
0.618750	0.0000002265	0.0000001914
0.625000	0.0000001940	0.0000001637
0.631250	0.0000001663	0.0000001401
0.637500	0.0000001424	0.0000001198
0.643750	0.0000001221	0.0000001025
0.650000	0.0000001046	0.0000000876
0.656250	0.0000000896	0.0000000750
0.662500	0.0000000768	0.0000000641
0.668750	0.0000000658	0.0000000548
0.675000	0.0000000564	0.0000000469
0.681250	0.0000000483	0.0000000401
0.687500	0.0000000414	0.0000000343
0.693750	0.0000000354	0.0000000294
0.700000	0.0000000304	0.0000000251
0.706250	0.0000000260	0.0000000215
0.712500	0.0000000223	0.0000000184
0.718750	0.0000000191	0.0000000157
0.725000	0.0000000164	0.0000000134
0.731250	0.0000000140	0.0000000115
0.737500	0.0000000120	0.0000000098
0.743750	0.0000000103	0.0000000084
0.750000	0.0000000088	0.0000000072
0.756250	0.0000000076	0.0000000062
0.762500	0.0000000065	0.0000000053
0.768750	0.0000000055	0.0000000045
0.775000	0.0000000048	0.0000000039
0.781250	0.0000000041	0.0000000033
0.787500	0.0000000035	0.0000000028
0.793750	0.0000000030	0.0000000024
0.800000	0.0000000026	0.0000000021
0.806250	0.0000000022	0.0000000018
0.812500	0.0000000019	0.0000000015
0.818750	0.0000000016	0.0000000013
0.825000	0.0000000014	0.0000000011
0.831250	0.0000000012	0.0000000009
0.837500	0.0000000010	0.0000000008
0.843750	0.0000000009	0.0000000007
0.850000	0.0000000007	0.0000000006
0.856250	0.0000000006	0.0000000005
0.862500	0.0000000005	0.0000000004
0.868750	0.0000000005	0.0000000004
0.875000	0.0000000004	0.0000000003
0.881250	0.0000000003	0.0000000003
0.887500	0.0000000003	0.0000000002
0.893750	0.0000000003	0.0000000002
0.900000	0.0000000002	0.0000000002
0.906250	0.0000000002	0.0000000001
0.912500	0.0000000002	0.0000000001
0.918750	0.0000000001	0.0000000001
0.925000	0.0000000001	0.0000000001
0.931250	0.0000000001	0.0000000001
0.937500	0.0000000001	0.0000000001
0.943750	0.0000000001	0.0000000001
0.950000	0.0000000001	0.0000000000
0.956250	0.0000000001	0.0000000000
0.962500	0.0000000000	0.0000000000
0.968750	0.0000000000	0.0000000000
0.975000	0.0000000000	0.0000000000
0.981250	0.0000000000	0.0000000000
0.987500	0.0000000000	0.0000000000
0.993750	0.0000000000	0.0000000000
1.000000	0.0000000000	0.0000000000
