# t	Численное	Точное
0.000000	1.0000000000	1.0000000000
0.006250	0.9937695313	0.9937694906
0.012500	0.9875779419	0.9875778005
0.018750	0.9814249285	0.9814246877
0.025000	0.9753102508	0.9753099120
0.031250	0.9692336701	0.9692332345
0.037500	0.9631949490	0.9631944177
0.043750	0.9571938516	0.9571932259
0.050000	0.9512301434	0.9512294245
0.056250	0.9453035916	0.9453027807
0.062500	0.9394139647	0.9394130628
0.068750	0.9335610325	0.9335600409
0.075000	0.9277445664	0.9277434863
0.081250	0.9219643393	0.9219631718
0.087500	0.9162201254	0.9162188717
0.093750	0.9105117003	0.9105103614
0.100000	0.9048388410	0.9048374180
0.106250	0.8992013259	0.8991998200
0.112500	0.8935989349	0.8935973471
0.118750	0.8880314490	0.8880297805
0.125000	0.8824986509	0.8824969026
0.131250	0.8770003243	0.8769984974
0.137500	0.8715362545	0.8715343500
0.143750	0.8661062282	0.8661042471
0.150000	0.8607100331	0.8607079764
0.156250	0.8553474585	0.8553453273
0.162500	0.8500182949	0.8500160902
0.168750	0.8447223342	0.8447200570
0.175000	0.8394593695	0.8394570208
0.181250	0.8342291952	0.8342267759
0.187500	0.8290316070	0.8290291182
0.193750	0.8238664019	0.8238638445
0.200000	0.8187333782	0.8187307531
0.206250	0.8136323353	0.8136296434
0.212500	0.8085630739	0.8085603163
0.218750	0.8035253962	0.8035225737
0.225000	0.7985191052	0.7985162188
0.231250	0.7935440054	0.7935410560
0.237500	0.7885999026	0.7885968910
0.243750	0.7836866035	0.7836835307
0.250000	0.7788039163	0.7788007831
0.256250	0.7739516502	0.7739484575
0.262500	0.7691296157	0.7691263644
0.268750	0.7643376245	0.7643343153
0.275000	0.7595754893	0.7595721232
0.281250	0.7548430242	0.7548396020
0.287500	0.7501400442	0.7501365668
0.293750	0.7454663658	0.7454628339
0.300000	0.7408218062	0.7408182207
0.306250	0.7362061842	0.7362025458
0.312500	0.7316193194	0.7316156289
0.318750	0.7270610326	0.7270572909
0.325000	0.7225311458	0.7225273536
0.331250	0.7180294820	0.7180256402
0.337500	0.7135558654	0.7135519747
0.343750	0.7091101213	0.7091061824
0.350000	0.7046920760	0.7046880897
0.356250	0.7003015569	0.7002975240
0.362500	0.6959383926	0.6959343137
0.368750	0.6916024125	0.6915982884
0.375000	0.6872934474	0.6872892788
0.381250	0.6830113288	0.6830071165
0.387500	0.6787558897	0.6787516343
0.393750	0.6745269636	0.6745226658
0.400000	0.6703243855	0.6703200460
0.406250	0.6661479911	0.6661436107
0.412500	0.6619976174	0.6619931967
0.418750	0.6578731022	0.6578686419
0.425000	0.6537742844	0.6537697851
0.431250	0.6497010040	0.6496964664
0.437500	0.6456531017	0.6456485264
0.443750	0.6416304195	0.6416258072
0.450000	0.6376328002	0.6376281516
0.456250	0.6336600878	0.6336554034
0.462500	0.6297121270	0.6297074075
0.468750	0.6257887636	0.6257840096
0.475000	0.6218898443	0.6218850565
0.481250	0.6180152169	0.6180103958
0.487500	0.6141647300	0.6141598762
0.493750	0.6103382332	0.6103333474
0.500000	0.6065355771	0.6065306597
0.506250	0.6027566130	0.6027516648
0.512500	0.5990011934	0.5989962149
0.518750	0.5952691717	0.5952641633
0.525000	0.5915604019	0.5915553644
0.531250	0.5878747393	0.5878696731
0.537500	0.5842120399	0.5842069456
0.543750	0.5805721606	0.5805670388
0.550000	0.5769549592	0.5769498104
0.556250	0.5733602944	0.5733551192
0.562500	0.5697880259	0.5697828247
0.568750	0.5662380141	0.5662327875
0.575000	0.5627101203	0.5627048688
0.581250	0.5592042067	0.5591989308
0.587500	0.5557201364	0.5557148367
0.593750	0.5522577733	0.5522524502
0.600000	0.5488169821	0.5488116361
0.606250	0.5453976284	0.5453922600
0.612500	0.5419995787	0.5419941885
0.618750	0.5386227003	0.5386172886
0.625000	0.5352668611	0.5352614285
0.631250	0.5319319302	0.5319264772
0.637500	0.5286177773	0.5286123043
0.643750	0.5253242730	0.5253187803
0.650000	0.5220512884	0.5220457768
0.656250	0.5187986960	0.5187931657
0.662500	0.5155663685	0.5155608200
0.668750	0.5123541797	0.5123486134
0.675000	0.5091620042	0.5091564206
0.681250	0.5059897172	0.5059841168
0.687500	0.5028371948	0.5028315780
0.693750	0.4997043140	0.4996986811
0.700000	0.4965909523	0.4965853038
0.706250	0.4934969881	0.4934913244
0.712500	0.4904223006	0.4904166221
0.718750	0.4873667696	0.4873610767
0.725000	0.4843302758	0.4843245690
0.731250	0.4813127006	0.4813069802
0.737500	0.4783139262	0.4783081925
0.743750	0.4753338353	0.4753280889
0.750000	0.4723723116	0.4723665527
0.756250	0.4694292394	0.4694234685
0.762500	0.4665045038	0.4664987212
0.768750	0.4635979904	0.4635921965
0.775000	0.4607095859	0.4607037810
0.781250	0.4578391772	0.4578333618
0.787500	0.4549866524	0.4549808267
0.793750	0.4521518999	0.4521460644
0.800000	0.4493348092	0.4493289641
0.806250	0.4465352700	0.4465294158
0.812500	0.4437531731	0.4437473101
0.818750	0.4409884099	0.4409825383
0.825000	0.4382408722	0.4382349925
0.831250	0.4355104528	0.4355045652
0.837500	0.4327970450	0.4327911500
0.843750	0.4301005429	0.4300946406
0.850000	0.4274208411	0.4274149319
0.856250	0.4247578349	0.4247519192
0.862500	0.4221114203	0.4221054984
0.868750	0.4194814940	0.4194755661
0.875000	0.4168679532	0.4168620197
0.881250	0.4142706958	0.4142647570
0.887500	0.4116896203	0.4116836765
0.893750	0.4091246261	0.4091186775
0.900000	0.4065756128	0.4065696597
0.906250	0.4040424809	0.4040365237
0.912500	0.4015251314	0.4015191703
0.918750	0.3990234660	0.3990175014
0.925000	0.3965373871	0.3965314191
0.931250	0.3940667974	0.3940608264
0.937500	0.3916116005	0.3916056267
0.943750	0.3891717005	0.3891657241
0.950000	0.3867470021	0.3867410235
0.956250	0.3843374105	0.3843314299
0.962500	0.3819428316	0.3819368493
0.968750	0.3795631720	0.3795571882
0.975000	0.3771983386	0.3771923536
0.981250	0.3748482391	0.3748422531
0.987500	0.3725127817	0.3725067949
0.993750	0.3701918751	0.3701858878
1.000000	0.3678854287	0.3678794412
